	N_downshift_5min	N_downshift_9min	N_downshift_15min	N_downshift_25min	N_downshift_44min	N_downshift_79min	N_upshift_5min	N_upshift_9min	N_upshift_15min	N_upshift_25min	N_upshift_44min	N_upshift_79min	Rapamycin_5min	Rapamycin_9min	Rapamycin_15min	Rapamycin_25min	Rapamycin_44min	Rapamycin_79min
101.02	-0.47927979222006156	-0.19511565068186576	-0.03460902335800914	-0.2631510428807769	-0.38189914478676007	-0.7455485344313282	-0.051645818607899116	-0.4574572785298623	-0.45913293352185947	-0.4361304101923247	-0.7495274240876151	-0.8721099514273865	-0.00492984582054834	0.10092627529057827	-0.2169987306733045	-0.23913286141857779	-0.5515895039677194	-0.4952374476145594
102.06	-0.04108576547109037	0.2121440152772389	-0.08329505262419973	-0.20324376100094227	0.010691319366496699	-0.3160439266950042	-0.028338416434022823	-0.005386528532643986	-0.17460525273765107	-0.15839045390886242	-0.009954847681220014	0.3092170551098993	-0.18092315060189185	0.2693828371008173	-0.3439232316479569	0.16083708024965843	0.4806504013862055	0.4498951809639931
104.04	0.17369140489976412	-0.42859443565508015	-1.2616970156108172	-1.1726586134474961	-1.1617501709977536	0.016348205098814628	0.28994888717884637	0.46196216681286173	0.5932798346349281	0.9071949003678781	0.7424052620410397	0.5752822516530105	-0.37230096539708635	-0.4612220314766998	-1.3732255721116082	-1.1023913743750837	-0.9023548652250958	-1.6094743950956334
105.02	-0.3011879337041175	-0.11065817158563282	-0.3180180744230433	-0.2467482358168524	-0.5459026475073783	0.09368964469172567	0.06615640807970152	-0.7511773595023912	-0.44416965922640017	-0.6304264192557304	-0.8596228958880723	-0.936898355342181	-0.16729483267498554	0.3128335692205186	-0.40537350348364015	-0.449236278525599	-0.3882635078881078	-0.6957103982453977
112.04	-0.5732803623282058	-0.19724436531619155	-0.24653048227266078	-0.6312185662576073	-0.7033838155195455	-1.094604680546577	-0.1696684563670897	-0.19877482998072077	-0.2565669416545075	-0.6145408899153454	-0.8224732201088779	-1.2976026243959904	-0.06846833354945067	-0.16250820069566735	-0.11487000686978599	-0.6246959328050541	-0.9171170800630649	-0.998122167010422
114.06	-0.3910152019784029	0.1841913222930459	0.8727757248656818	1.3195169011769952	2.1024376127030715	2.041623533863416	-0.817936146283123	-0.9824312354021065	-1.3617539558984801	-1.6589219349424456	-1.98821560587551	-1.987264858693678	-0.17104680266634056	0.101337103561047	-0.28663980430778657	-0.027483041452080942	0.16511721957129386	0.08417348500727467
115.0	-0.12309833343763285	0.04583088149399778	0.29564040704688893	0.7619007529157354	1.5009054230099108	1.3657505734390964	-0.2570382825683059	-0.21051331811230828	-0.405535285434447	-0.4178823991379687	-0.6221221798177347	-0.6644132939342405	-0.23027210427852365	-0.0007911748280366171	-0.3620772468871942	-0.19052956729771137	-0.14660416230103304	-0.17311107740607748
115.04	-0.4402194997771597	-0.33150332662032866	-0.42593407032880215	-0.3956095829204339	-0.35613238572198325	-0.38597840387753557	0.12438885029047922	-0.475509876400649	-0.33171548776915816	-0.3939554380967315	-0.5327764468191214	-0.5227803026139108	-0.032816135135281886	0.020635083984332128	-0.19610304320706887	-0.30635500421147677	-0.344492972795945	-0.5059653082142184
116.03	-0.3482690430833694	-0.41926671897986717	-0.4028172874956952	-0.21136176992641922	-0.05064053310499922	-0.11039357644031578	-0.15324112116258135	-0.3972133920166888	-0.4556381581821216	-0.4215632904544162	-0.40809839101881806	-0.5558599667651714	-0.028218951463902815	-0.061960972139669	-0.1241598320020063	-0.26505458134475723	-0.10509195386041557	-0.5432415716487554
116.07	-0.05454574884326284	-0.09119237936024147	-0.348691095766944	-0.3789435630030581	-0.21871630286275473	-0.19897106961595995	0.16498681736561963	0.2378550310789872	0.30027461292365243	0.2624346081580725	0.13817211775677063	0.10330763139305317	-0.09645094897479714	0.22849192517392594	-0.1742252289097161	0.24569101351247477	0.5702213034618198	0.4806344342701647
117.02	-0.1557977448427012	-0.276452328648817	-0.37739262371065974	-0.24318503652240914	-0.006789915239885392	-0.40518891627093856	0.08191882503683878	-0.011490663251525507	-0.13227319636174967	-0.2655769385701914	-0.37981984527869206	-0.4134634321035761	0.10405025762122998	-0.10764025629039278	-0.4279558306937472	-0.3500575794074705	-0.2594837981421506	-0.6719043357699689
118.05	0.1048905597951255	0.1497548319538255	-0.2461587112968523	-0.27005970420308606	-0.20289577775364565	-0.3972672746290475	-0.49579449605571085	-0.5135554127912522	-0.47440183232899746	-0.20882432406402798	-0.16434746308457265	-0.1040445358641248	-0.16306580788002378	0.09984194527224946	-0.4156801494110249	0.009803600227981796	0.23304626603809409	-0.0914212717246332
119.05	-0.24399158234716267	-0.35240528265070603	-0.529419570567484	-0.4420277158205989	-0.24114120591574117	-0.40577008328258246	-0.09676940781088023	-0.32817488293206576	-0.45814838410468317	-0.36066159080961013	-0.681919106986735	-0.6675475050931987	0.02164258147590148	0.16440599251845278	-0.1361357295935749	-0.020054971434538042	-0.01128687893831272	-0.28796761783455
122.02	-0.25429759828095305	-0.24197847270616504	-0.3238851014281474	-0.49886354853513415	-0.41197037239073414	-0.6334055763944416	-0.19142568237142912	-0.35666796479612184	-0.4648026218695091	-0.7047790995960675	-0.9153837391111692	-0.9424105387829217	-0.0646308591181752	-0.0025911625142042427	-0.10309270228602936	-0.47939653257313397	-0.5723051450453003	-0.781985696519088
127.05	-0.3699807600585204	-0.45207173683472346	-1.4094096095589832	-2.2954081803052464	-3.1089764837013787	-4.001832303766842	3.138847540915524	3.265265045360886	3.4943022088169133	3.9199761683028846	4.041662259511294	3.939478371534267	-0.30480189843935396	0.18500094274209686	-0.17418684968182996	0.3047644785898199	0.36863030621178283	0.11349140983483687
128.04	-0.14157610277417315	-0.27567746737812965	-0.7494888009714804	-1.0503781497654028	-1.226737012044844	-0.9204054296353659	1.357096350547196	1.4220066451080409	1.3668478753831645	2.0242978286587667	2.173781575838841	2.2831184968310168	-0.3681004640089539	0.06285031854681011	-0.7073474701825768	0.1146024066374981	0.3256126468009414	0.014976680093857775
129.02	-0.32078076029710106	-0.15348791018595748	-0.3001035510708893	-0.3670090491579031	-0.4173028908783431	-0.45674472448104286	0.08546143604401799	-0.26404255624586925	-0.19165057310507444	-0.35683463914315605	-0.46869701061693014	-0.44991415021103487	0.04930683622378161	0.15577030047578697	-0.1595793145256394	-0.23221038586786225	-0.34928907917346763	-0.35482289687139745
129.1	-0.13367064777444432	-0.03838426041694837	-0.29432331222259445	-0.5003738361883068	-0.48683056485342346	-0.6493059032713202	0.30248597981634	0.39863231536662674	0.31961066640380387	0.9152949689360422	0.7362400941280188	0.818687289583454	-0.27718710398374385	-0.11552193036696426	-0.6419744247697121	-0.10322479950059522	-0.2459964322887388	-0.6000397797383645
130.05	-0.4942327650591575	-0.23150708374481732	-0.2892122449903074	-0.4171147937523165	-0.4590311760966534	-0.6277269525573999	-0.102142867734701	-0.15934148707543924	-0.06598553926155257	-0.30829494317585676	-0.361834006975453	-0.6081252726358317	-0.05590757771693247	-0.11188608109089505	-0.13984894552154048	-0.49467591332846605	-0.6926652526916746	-0.835516842404994
130.09	-0.06502018349873635	-0.4051216797926316	-0.5235282643294866	-0.29443970779060125	0.023538124932865334	0.4374387554700915	0.047452756582336775	0.03281844571411866	0.04570707534173199	0.25287628297005305	0.41676933468325644	0.34709426880196437	-0.12166796032622236	0.04525083908469202	-0.37341046254748467	-0.06374599029279622	0.286034060764224	0.16134979482515222
131.03	-0.43711448618326565	-0.3491824370347871	-0.32366907132000383	-0.4270193912319967	-0.4986776472725284	-0.4641072737529012	0.0713715599511057	-0.40586905863275	-0.36559962745634417	-0.43217920391277215	-0.6196353739633796	-0.6760230036521732	-0.06603671452808109	0.05186844473464271	-0.23474063829196987	-0.3497325664595608	-0.4523999451495663	-0.5870400179983857
131.05	-0.0989915452035475	-0.011554657452495898	-0.4853844085697408	-0.9984465370972777	-1.4148062728811874	-1.6019349314073983	0.3050123381446326	0.231258784140507	0.3258865780849179	0.7424172978697197	1.0727120625620639	1.3412995786802568	-0.2821851482443259	0.3233192380060498	-0.34553000779641463	0.3309470936666459	0.6758396009502603	0.5973308512934659
131.08	-0.06047224024846931	0.04067838995116474	-0.1247571859668982	-0.19435564370058328	-0.20337438513158837	-0.6761973283574453	0.3470933134132652	0.5151415557630066	0.6975255236315078	1.4360634474237015	1.7825929547554422	1.9830361011352102	-0.1832385470768298	0.2580049347982638	-0.31751578482201787	-0.09565203185145868	0.21156384912940374	0.3926680303721837
132.03	-0.021148378039747534	0.23749437376552757	0.5949492987532873	0.8568886090691157	1.4558405451540528	0.7653957182097606	-0.7555778563753918	-0.8660367245995279	-0.9704329782185865	-0.5346566144524174	-0.2074712750616817	0.25164045395320883	-0.1460619276970929	0.7758111410686654	0.2810236030696911	1.2020355736312556	1.7486910467968169	1.5562888346852572
133.01	-0.05899801865379048	0.12255370977415664	0.4883676302782408	1.091073738738258	1.9826787428814363	1.8666919710890948	-0.24567257069225165	-0.15391187948613316	-0.2824561939708792	-0.43024050462205643	-0.6770054742833289	-0.655898478920875	-0.28537730497279	-0.11884462691688369	-0.5666188390582201	-0.4944579643870528	-0.5843490291796636	-0.41744261823545814
133.05	-0.07928410410738224	0.1270485558671469	-0.23236528878896248	-0.04379644333237484	0.023165055019059078	-0.013490416665038918	-0.017170839778544916	-0.4397379597743952	-0.743935709074136	-0.5723277259976496	-1.024668857623917	-1.2008604580736586	-0.08147415397833323	0.11908793714432715	-0.33616958913832673	-0.1231342931471224	-0.5182046930167654	-0.5515894244075665
134.05	-0.06972700213460697	-0.07721795331094586	-0.06643853091325286	-0.08592799627097639	0.12796711738259292	-0.16060859831540256	-0.018802595142261236	-0.08968465206641082	-0.1624204332987558	-0.06105764338236678	-0.13739632328175805	-0.05120073102215733	-0.1894629956802509	-0.019030317972794947	-0.3885591093203954	-0.2303212894059028	-0.161611472113148	-0.305397052421722
135.03	-0.3542702059962775	-0.5454219119259005	-0.6725296730814202	-0.40349241617669157	-0.30980522805235206	0.0058869891268921865	-0.4361886958291986	-0.29826400386293167	0.11522733140906649	0.2032256511419203	1.5526707910586506	2.3488093162184303	-0.07699298645207023	0.413426485150588	-0.25738139585266107	-0.24015287662012408	0.18853234267377375	0.6759489442202804
135.05	-0.08282120408933041	-0.5793958544278799	-0.3976388931573326	-0.32076607533142376	-0.19357417849164743	-0.659751286975638	0.08357508669520516	0.17330644373460782	-0.38976944084580956	0.11198833306002615	0.05251301216773763	0.3071784896204781	-0.041079884687673984	0.18327333983709143	-0.19809975333362922	0.27254930513019915	0.21764003691802722	0.05802392443753851
136.04	-0.49573941926829557	-0.2790111749490569	-0.24237047376617438	-0.4969816163660414	-0.5170640972136679	-0.6089892262772353	-0.11051313914202561	-0.27114794769504247	-0.2509138001032283	-0.5877611163787709	-0.8302365741790321	-1.0610173801979865	-0.05116868691061212	-0.035361750131406786	-0.07324508350698858	-0.6069125928692058	-0.7319371344577239	-0.8808782225634657
140.08	-0.1424760646934334	0.029710447951673546	-0.45069662293187585	-0.40631537380879945	-0.25780379369338247	-0.5460880790002836	0.3059338789743151	0.0493108618439622	0.0694069244303336	0.19530314850924674	0.4775062281522995	0.5878511195118905	-0.29840440721298483	-0.0038046474208225586	-0.37030405666743293	-0.2244278591968958	-0.3762637987362134	-0.3953836946282115
143.11	-0.17664386066424895	-0.07993545261499826	-0.08456311513159176	-0.2805813545572324	-0.13432206740565833	-0.24901589736083313	-0.3562281948706495	-0.365601848919641	-0.3376057056372572	-0.30660860274056534	-0.26199765047213747	-0.21287969830606976	-0.1655885523978114	-0.13056257715041555	-0.5716391726572847	-0.11002386801659517	-0.2337246383528192	-0.5145758453897784
144.07	-0.2537813235981363	-0.2899536207097112	-0.6963030210290563	-0.8385487617590222	-0.9298788439025701	-0.9884521828384034	0.03615396354067576	-0.0993854583223399	0.023526784264364997	-0.020934599102376127	-0.04062814048564267	-0.059802333607708924	-0.17504406516436238	-0.12452936181494632	-0.283220285548437	-0.268437324278398	-0.3265677226894906	-0.7529949604316855
145.01	-0.1290915224718292	0.3463608470175222	0.36794794613034154	-0.11214517056585083	-0.3675833669231316	-1.371719738876152	-0.13804004740578227	-0.459807105141824	-0.5261102493413073	-0.1750658027680787	-0.43173529618958073	-0.46613261105085474	-0.04638210667280418	0.2646209078631096	-0.2619380401621766	-0.04951139728385992	-0.5544477716363712	0.017840882111882367
145.05	-0.2160131092589233	-0.6996608296902603	-0.8159976359381508	-0.5514756571132279	-0.5038067132628585	-0.104187336775936	0.3135159373256509	0.14834982012040135	0.1374340735021756	0.2995611580528488	0.27950928265780717	1.074270915410833	0.17976215120281988	-0.18191331672402458	-0.3034140274778764	-0.18382576791778762	0.169907427773766	-0.4979071540142568
145.06	-0.3424037364453237	-0.48738792879891374	-1.5109942809264785	-2.465674405499741	-3.491068776594719	-4.587189316196455	3.22536625999193	3.3317230763324424	3.4632057437802852	3.6952223051580257	3.676572897947311	3.5396839728562517	-0.3088216816878654	0.16425140106789912	-0.18278518911940614	0.24665394852348504	0.2368296312941443	0.0350552556660111
146.05	-0.002104959125890621	0.16936634940807782	-0.09902092284458297	-0.22415630676580658	-0.059868256549011734	-0.32900656044809135	-0.007309483964384439	0.028580334358709387	-0.18050708189680104	-0.16965737535712117	-0.07121559152923017	0.40572877618132747	-0.35245269933455503	0.21169939858264797	-0.38205365471707897	0.07973101550555711	0.4660216627522176	0.45075022663805897
147.03	-0.1487629426072508	0.033906246144569434	-0.12054375696179631	-0.3642497433461507	-0.5319168692317615	-0.906465921042667	0.06694576598553878	0.0816170286994223	0.0030160959020530346	-0.1572104159878	-0.30797145989513464	-0.24815363726316775	0.13138719873859236	0.14892420819099147	-0.0855156706533374	-0.24941464332733404	-0.4143545551600972	-0.349736174715502
147.07	-0.11663487228273291	0.012642377602025745	-0.5812096668258642	-0.4131190471569954	-0.37125700160547603	-0.6800424546580077	0.4340254612749023	0.06356520862678655	-0.1795049433508383	0.3182251076351492	0.18868952062958705	0.10740890772569786	-0.24087641023057405	0.21142389310180734	-0.2672240683087931	0.10138623977206518	-0.0007000534817056814	-0.10474384602372565
149.05	-0.5649259944212542	-0.22410793568596798	-0.21133849556977777	-0.6199328019633475	-0.8386084272588117	-1.1871391571212613	-0.15204663962444945	-0.19927569038658735	-0.29476812155283305	-0.589890897446752	-0.8166740008878144	-1.3242962264561953	-0.043408271323083975	-0.16078925766026894	-0.12694877228040863	-0.5992480849080417	-0.9297771243603626	-0.9853012150938593
150.04	-0.2264958505765685	-0.3709543613057783	-0.29918039995661816	-0.4144427354116664	-0.3994403840004485	-0.5450342010833276	-0.13259989002743844	0.07936590986791905	-0.05142066385811142	0.2371143032645835	-0.059083056854203786	-0.12057230852383852	-0.13900952725513394	-0.07209543552913346	-0.2349500302942713	-0.48385570007261147	-0.23555190798703918	-0.36580517724684053
151.03	-0.1469511048835671	-0.9854598968958242	-0.9922870040784517	-0.8475345425725522	-0.4187869837826279	0.7415585691306599	-0.18157358312275124	-0.23435750806237432	-0.06735771236000682	0.268390488247945	1.2479893961251234	1.8188652016059892	-0.1314484716262671	0.1720436243413271	-0.43847326699489153	-0.49772266375231433	0.19221717374071112	0.681710084901034
152.03	-0.38342936338986017	-0.358264600946107	-0.4230166121429554	-0.5049239861530763	-0.36152011246936405	-0.381954261767134	0.05730593056029451	-0.19783210007532018	-0.20499613964678806	-0.4263935649950253	-0.6879109022449464	-0.844458936614523	0.010842402077623964	0.02063351595295416	-0.04653406467383411	-0.4356937929229568	-0.39174274258173425	-0.6799948493666098
154.06	-0.06968031082021586	-0.15958911267637016	-0.4402281300943926	-0.5883382628330434	-0.6735611491137629	-0.5962873525141442	-0.08171837252656838	-0.0477708839784618	0.02369579734907428	0.7120961841488589	1.1828405634516408	1.6154458188857945	-0.4445493761550542	0.27564058645333644	-0.6610312344700038	-0.03476071164910868	0.16543103060661232	0.58124312382348
156.03	-0.23243655753803424	-0.4755350230568448	-0.3024137976988231	-0.35850758970238283	-0.2744279192309637	-0.6567811550854878	0.03007394070109995	-0.3342871549940672	-0.7577250563499145	-0.1844714212119281	-0.759060514048882	-0.8643022898198046	-0.14481567763059983	0.041295024136857816	-0.4122920137001196	-0.30257940131731287	-0.35730891400339027	-0.47201836959836807
157.05	-0.13970688428265482	0.040463679395675814	0.020305201879061402	-0.14354220659343286	-0.11506553937038776	-0.37148798022347224	-0.17174999059017704	-0.19308637117221522	-0.26685186011457823	-0.29243432386345225	-0.4499723795246704	-0.43826854663624054	0.06492980209670653	0.14060621561479372	-0.0641287332591298	-0.08060022076372941	-0.23591699147834805	-0.18650674353886829
158.06	-0.12672402768951424	-0.29246407015349724	-0.48276916812331444	-0.3686667204771533	-0.2550615570384491	-0.17757330214343886	0.05554944301929596	-0.1932742667320159	-0.14255610387960202	-0.30056819572150706	-0.3934130075363269	-0.5225891220451985	-0.01593150399420296	0.017870558902040305	-0.11305050202093214	-0.2853513049533192	-0.20542354100657523	-0.44343244337573273
159.03	-0.5957925185482997	-0.41311707143200604	-0.48391390940050705	-0.426108515165746	-0.3391077040725686	-0.058162372970117726	0.19012433915633697	-0.5451667794183661	-0.3271183970981844	-0.48254111902563457	-0.7147423456457527	-0.6568241555282134	-0.02958008399935161	0.133865448551437	-0.2971063693245586	-0.4148303844505996	-0.23810149155944987	-0.4043072621588275
160.06	-0.23248791641158484	0.05300237259292795	-0.30104597185099874	-0.5005737964405301	-0.34537961234774045	-0.9795365173725503	-0.19282401449454858	-0.1728552085665203	-0.12076824683469424	-0.3814798919989122	-0.3787645555576683	-0.40816683786901986	-0.11580143104941805	-0.07494412083377516	-0.19100903558491528	-0.4726823163330331	-0.6825126029849039	-0.6337697121389414
160.1	-0.3697390068029389	-0.7896447426926371	-1.0440755878443115	-0.6567578930031512	-0.6284482851020111	-0.5368210755068208	-0.14965302494619764	-0.40931761372957254	-0.3854778705660278	-0.23176628104335223	-0.2970164746714764	-0.6349940244405565	0.2557557925090662	-0.15713231148421383	-0.3469552824358464	-0.435427469929617	-0.17745944324335983	-0.6467516089679763
161.01	-0.9283292314447271	-0.9679549496757933	-0.5713167220050687	-0.9165034947623677	-1.0607777126498585	-1.3211673820116352	-0.07793828717896104	-0.1959083407277316	-0.11151964879235812	-0.39273930015281355	-0.5881072853976284	-0.35442558326344603	-0.24149618582639104	-0.09567532132465761	-0.07147940458718068	-0.467733716212498	-0.5256209891759784	-0.6080143383319294
161.05	-0.4019882636569432	-0.3193129178253964	-0.3173419006567665	-0.3721902825698785	-0.4357537484544496	-0.5103016421672129	0.06999212695189438	-0.46840663978210917	-0.3836380775275109	-0.3934284432996036	-0.6537333816344747	-0.694588858607311	-0.02147373315674235	0.17360422549026197	-0.1921866110749208	-0.2851636509377061	-0.39444211374358557	-0.4258240644995942
163.04	-0.24779677935390154	-0.3180124081096434	-0.3336999273344356	-0.3527320911710839	-0.330372915484922	-0.37792548911308005	0.15331108499613053	-0.47694006216430346	-0.45678579660363405	-0.3773679755407503	-0.6117604821614575	-0.6961967542772182	-0.1642226419246424	-0.04057052309529631	-0.36657191663846467	-0.2767585631297023	-0.33468890548591756	-0.534960836900507
164.07	-0.06905956493651771	-0.3596338000552286	-0.4225363101496657	-0.28473372321922463	-0.07476020381658793	0.4245051629777412	-0.2618887855999223	-0.33151980063843206	-0.15248600362634246	-0.0761771600797052	0.14279640934222051	0.08585265531792736	-0.09770498990237392	0.19484661949390256	-0.13013162876113388	0.12969273689835104	0.3074549354781634	0.13014267992539533
166.98	-0.3140027175775414	-0.06283511256684723	-0.12466696007693019	-0.2648425268553294	-0.12668514534737546	-0.1492518469804451	0.05756668260638831	-0.042573018754526126	-0.4144128215692863	-0.4285892621944035	-0.7918433452224134	-0.7520899203263557	-0.1803090912633637	0.04038189669694778	-0.3809394188203188	-0.19882346431452022	-0.2282048435617774	-0.27187480571230327
168.07	-0.4889401862301504	-0.32422522405411314	-0.2929465556658916	-0.47886479014623184	-0.4915565434867068	-0.6752379514171469	-0.047831712569317314	-0.3389092415926437	-0.38979363308977616	-0.4522423860484589	-0.6641648288355982	-0.8275217170181368	0.02063447712166203	0.013851456464659045	-0.177479079027207	-0.2916868531738936	-0.5276206435998565	-0.5799592965291515
168.99	-0.28091343246407735	0.0629634153907137	-0.049490914303798844	-0.1741238521749836	-0.4840001345922963	-1.0510654145865175	-0.3041551003805298	-0.5170401994373801	-0.7986685744223115	-0.4576539794830837	-0.9171571582814125	-0.901104390989833	-0.18708705579277538	-0.01832036000908846	-0.3979363756655771	-0.2883295007222728	-0.5382715081284138	-0.6777488619973978
171.01	-0.22407001949159477	-0.09049629241055898	0.11420397588469323	-0.1478068884736266	0.46825546932348844	-0.0710618154340622	-0.7825601051424335	-0.6627935958833573	-0.7652339873609799	-0.741185264021746	-1.0741162658915646	-1.0501729428538666	-0.02456436779993055	-0.14919960194297288	-0.5336510338004608	-0.6490431643952344	-0.9097439424604219	-1.2116337127038592
171.14	-0.12025241819183684	-0.14302587750719198	-0.2346675848378317	-0.31425880865645206	-0.23558830410612752	-0.14059164046378017	-0.24282379878887092	-0.14395585651189968	-0.07793235558108334	-0.11533187744354115	0.20286296950804542	-0.05591798725433274	-0.06935674351071135	-0.1061477179801627	-0.5902666170615318	0.002421551482456749	0.02375449870130228	-0.5056010542762366
172.06	-0.3880918895736524	-0.07279685155396214	-0.2847450077428794	-0.47898682620743294	-0.4147623151316755	-0.9197136517712784	-0.16292309314968811	-0.34852132660878077	-0.35631840500618456	-0.5871340362102553	-0.788198141081666	-0.992282107408332	-0.07373942647759968	-0.06607197946886523	-0.20356732385303852	-0.5334948328004733	-0.7421362777031725	-0.8195324802711923
173.05	-0.22102835599907128	-0.3557891927004627	-0.398272481484714	-0.4160133265141801	-0.3840913447893225	-0.13147392030642935	-0.04451797426106199	-0.45496865351574933	-0.5162473003180676	-0.4360379308695857	-0.708670060728739	-0.731808824099346	-0.21593732385462247	-0.044595466819720785	-0.3595579421917365	-0.3149785614002368	-0.4882039940079892	-0.6659846094159322
173.09	0.037048266539426195	0.08035155374998548	-0.552034247128901	-0.6877085371289086	-0.7378540154195681	-0.9202394562250713	0.6087473035634583	0.8216299612691689	0.9740838165425294	1.5367549575421164	1.4188429155711293	1.2114496202135365	-0.3731938036208177	-0.07970428244445764	-0.6254496262855409	-0.09264526703944964	-0.24681197039094221	-0.6215306474959253
173.1	-0.12039192295685036	-0.048940143351033194	0.21781235596455106	0.40871371459822625	0.7003191877582503	0.38684837318127985	-0.2803240225141456	-0.45535917055647146	-0.7846515274300605	-0.2109963497953692	0.27405505809615943	0.785011976034983	-0.25297576117294984	0.7435226967732276	-0.3160057161326826	0.29121405678933315	0.9795399524647954	1.7498861822141907
174.06	-0.42428307339169885	-0.3462504052124013	-0.36781908448185757	-0.4337489636634252	-0.4068973640133125	-0.3487164177375348	0.1434360402786255	-0.33501250342249306	-0.18474937728987695	-0.347851598561548	-0.5319977854638742	-0.57687125666751	0.03325580426960095	0.20840320445926946	-0.037360526367678726	-0.3162058049054254	-0.3425222920358514	-0.46806086657373436
174.09	0.13791036225929107	0.30712496278540946	-0.15972833653673957	-0.4933176810189133	-0.7708752844082543	-1.8416377740858663	0.20615898828184495	0.5336985528542904	0.7460431867743154	1.3810822647594283	1.5802900628049075	1.8613687867228776	-0.32937595324963714	0.12484523467748876	-0.5022917124447819	-0.07292696446931721	-0.019728836318730777	-0.04324962002844353
175.06	-0.12415886206706361	0.1351479686722748	-0.15591158085043544	-0.2969011721713034	-0.03568767707866555	-0.538708703424005	-0.09408806639302685	0.0004664466763576597	-0.05892539330834966	-0.15633070757079626	-0.25698747725319604	-0.09849514662901637	0.05941472190438525	0.05366606974179624	-0.22226973130729133	-0.3282556109677388	-0.48502539248311627	-0.3655010281561176
176.94	-0.27673549969695715	-0.27815507555148417	-0.0783632811325593	-0.4032306905969583	-0.5464268301276562	-0.9348836884643494	-0.330759598787084	-0.2469459116444217	-0.3552165496614099	-0.3947102212097375	-0.7604576744888689	-0.8158867159958634	-0.20705633263378143	-0.11124716790037045	-0.316191921737597	-0.36413092058812513	-0.626040163608987	-0.6918763596897498
179.03	-0.21905248707313466	-0.34197174934783026	-0.43730324654943786	-0.37686250575756114	-0.3306689701569048	-0.30322375791570755	0.1664387424969341	-0.4479626648791918	-0.4035540971553593	-0.39363594955374803	-0.7008872995895421	-0.7350850202430284	-0.11035451393542108	0.021130381911265192	-0.15659208558281346	-0.277215244162506	-0.28567931193625373	-0.5054877077428879
179.06	-0.31986710615049146	-0.19558260850611622	-0.05087635497086268	-0.19993758610826434	-0.5152813781687197	-1.1934555559241669	-0.2411190466181168	-0.6303613032053859	-0.9402479435152336	-0.6855296410711031	-1.3308355488404322	-1.4233630724482984	-0.10136302401881919	0.10261690602722266	-0.3083995660142216	-0.23369373754574702	-0.7425781756791872	-0.6209993196137966
181.07	-0.15594912165813704	-0.3533787299043102	-0.45055320906524193	-0.2976161974238999	0.016769861870046088	0.6298953144159672	-0.11187840245124224	-0.23985200237207802	-0.36590172011030997	-0.19385483372916495	-0.15098342809104465	-0.09690688170327921	-0.1977352027050629	-0.12429310902756113	-0.4367370998387601	-0.2704642773094258	0.046041453870828586	-0.40142529939077043
182.97	-0.20133154085609906	0.27330068380849154	0.26354175366249916	-0.12220811880603577	-0.4014568078836573	-1.1351257847897893	-0.2406459859283593	-0.666978359341687	-0.9452524835881445	-0.47070539152131385	-0.914647678980191	-0.9951119976545407	-0.04414955911131907	0.263161029537051	-0.29524158498938585	-0.06349213703844836	-0.4963323000277192	-0.08124832581927388
183.01	-0.31069072225113314	-1.0654212350324552	-1.1245746730565562	-0.9634310898323766	-0.7985938124303621	-0.33026821259411787	-0.12887703124676667	-0.36277388347720557	-0.5843476381037835	-0.3757442445733823	-0.5877519536688978	-0.7848629755609045	0.09516231047984272	-0.05823889367971549	-0.38982524634547067	-0.18543471656245292	0.0928952079193939	-0.6150575570984075
184.0	0.02982246391009663	0.3145529293113294	-0.07564907082860461	-0.13338014820014715	0.04012386315245986	-0.2772304293063086	-0.11288760096234057	-0.12487451729756774	-0.3988888950170807	-0.4528903838140267	-0.4806799870812605	-0.1580895983174066	-0.283409942282483	0.19404322244204247	-0.3585089512418643	0.12436810011745597	0.40000781448759926	0.41470496434179027
184.99	-0.11172458455390792	0.20627458025208442	-0.04140086369480933	-0.27543916390559187	-0.44296819312140745	-0.9799782267043686	0.11719683927098744	-0.06755527522360542	-0.29846890034706863	-0.2687146624356915	-0.7233547589798943	-0.695014687259752	-0.06677625232763731	0.1712210629938579	-0.18654370979261642	-0.18333640630867679	-0.5827135812070083	-0.4049781083730456
186.11	-0.49289544184873113	-1.0306740136640227	-1.0811670355567784	-0.6886273300431264	-0.21042079538428166	-0.03358221329796196	0.042390363488046506	-0.17646380635481423	-0.2991128708959587	-0.07831988926907912	0.002844960140464342	-0.37697764156484004	0.004119234212943246	-0.3708746076417939	-0.535543434214737	-0.31171705689974516	0.48323597371893456	-0.6690320561298352
187.02	-0.2775574871348601	-0.2309844363890134	-0.32032614894943995	-0.7396361503847666	-1.193376638986908	-1.5215029918606302	-0.24779587865585537	-0.16943270157976684	0.11183678412653325	-0.09328256257661127	-0.4931623401642403	-0.21917139548702494	-0.15218190860502767	-0.10361901289054858	-0.3650847617258509	-0.35057063014878054	-0.7543397280019057	-0.757780441616842
188.06	-0.33797444067916865	-0.3318286960978497	-1.6353290391264954	-2.417686028194668	-2.7890727250601675	-3.3782644845907472	0.7467723111955782	1.083257066392314	1.220218687952991	1.3909226270522144	1.6171423888332768	1.9125835530755082	-0.3260182653835949	-0.21760286178522378	-0.4518340536135628	-0.20660865875315815	-0.3589782040239055	-1.3632935151859775
191.02	-0.3696888054283529	-0.1853558868985521	0.2766256028916123	0.7760746469019868	1.6546167232754554	1.6493221129669773	0.06070177936889104	0.05246273300743387	-0.05702302141793286	-1.1353818484327896	-2.128761948766154	-1.5042131288393679	-0.3468643609272608	0.22171807360299572	-0.3726196358486856	-0.07730402200265209	-0.19129498464272	0.4869309728241742
198.02	-0.49395323771535377	-0.2639981453509561	-0.34865831896119637	-0.47149891193650195	-0.4604608979696874	-0.6910393233221119	-0.160415493107472	-0.15828355081669743	-0.25681245919392737	-0.37034678457887016	-0.630519552145821	-1.045875841452461	-0.07194262764398107	-0.11797749052638398	-0.25936304890056	-0.47775249960093635	-0.6718127628802156	-0.6540911055530445
202.05	-0.2889386315779901	-0.5610483251793408	-0.6402513997911335	-0.6920164045720402	-0.30061893336006373	-0.1391904223578042	0.14918801088263506	-0.4299858649434707	-0.2084739421139501	-0.415613062041443	-0.6816592099748142	-0.8340529452578406	-0.08408843049322202	0.13848912071783154	-0.09254104979021971	-0.3324123920675647	-0.19806163650780928	-0.5825987271913897
202.07	-0.6493731267442279	-0.24145073149024238	-0.2951589753992174	-0.6878820246106688	-0.814028298633813	-1.138246509807636	-0.21779020453535386	-0.25435597532221343	-0.30586394316120846	-0.6758206724513327	-0.8466364580843138	-1.3161837650606765	-0.06199044016403224	-0.1331097423780646	-0.11327243502722131	-0.6022306093404031	-0.8787997780377879	-0.9606347510666581
202.11	-0.09005076871245435	-0.5736606902766345	-0.5043949691750621	-0.4085466005910761	-0.26247794931581286	0.5815982813642502	-0.04902373819957054	-0.2829280806740704	-0.19156571927647598	-0.22012826513247286	-0.18143442797011056	-0.4596138925966114	0.14013768601688312	-0.16238751814923041	-0.36729119205621735	-0.3869350257765317	0.25934666854824817	-0.27154796788702884
203.08	-0.06521279129724666	-0.5948451824130442	-0.8760404227779058	-0.7276429759698033	-0.4112584299424337	0.21884284118294384	0.00102686389756812	-0.15174755832206552	-0.07870087330245953	0.005282256167131377	0.015650173575171247	-0.07939163424278839	-0.07188761953990377	-0.06637673303642588	-0.34725603823198	-0.19873294725465845	0.15679254028019765	-0.19224173655563764
204.05	-0.19166480543456346	-0.09367591550508379	0.32037246837064265	0.1636093553426218	0.08887722722944257	-0.0718206294458662	-0.21283090476180627	-0.1684371119302184	-0.08827021948888836	-0.2975175426841534	-0.3022561988986857	-0.1419756596512314	0.002149011387178601	0.13346004136768133	-0.06624252282368376	-0.021016483345736785	0.36372484035600305	0.4430850442575277
205.04	-0.433184875399411	-0.35164636325626886	-0.6209381836550842	-1.2518251160447091	-1.636084632732929	-2.126845707582309	-0.15532679433962018	0.002741297591027897	0.5273844561549415	0.034834831142046274	-0.5310813907470713	-0.14426402052864332	-0.35772388819447043	-0.42292878728618694	-0.8274579742673702	-0.7953434885086068	-1.4497201633751118	-1.3398610808821179
212.0	-0.06051134124787808	0.045879920672474366	0.016659978808933856	-0.3277595691155205	-0.3504571432953128	-0.3705218929518112	0.3148471485493259	-0.12771352568664085	-0.46458733612586733	-0.23461384943899155	-0.9033094018926924	-1.1139845649314248	0.11071927952696409	0.4355606489249438	-0.1323594588108259	0.15851677314757126	-0.2773428877641514	0.05175040743965613
213.12	-0.28944770673505416	-0.3210151501062152	-0.3987937305992915	-0.1676902960639198	0.31718841634273315	0.6769879739997454	-0.1542833585286639	0.10229709936537253	0.44691000645972256	0.652211009822965	0.7910739361862689	0.464636090422298	-0.08448024279505124	-0.08540514136105204	-0.3625343690458024	-0.43107669177245533	0.13617252096555088	-0.4679747081047654
214.01	-0.11311701842847288	-1.5068588839782162	-1.616332353763162	-0.7825583361337216	-0.5233230480080694	0.31736898277750225	-0.23349234047660145	-0.4082228035930473	-0.7027939287607226	0.29431403137008916	0.2164201973731632	-0.797359055425507	0.4129748419131242	-0.5872588060282318	-0.5372194410309767	-0.2519994160222396	1.1659728279635204	-0.9379663514852622
217.08	-0.6984155329673103	-0.6872370155432647	-1.512316743156122	-2.5788101471050577	-3.0919519372735738	-3.1508573607009343	3.14749366232342	3.5732799548366994	4.176553768682675	3.9186470290491213	4.153928747930658	3.671351703931019	-0.17367209126027494	-0.02296859201466564	0.14983156022293104	-0.24597088634096953	0.041888129147154896	-0.2905585571566994
218.03	0.22841413344221495	-1.0313857027252535	-1.0240108344665233	-0.4259278672806539	-0.683556407155664	0.061136034166397346	0.04072188443980951	-0.8277143730085752	-1.3286643869072055	-0.7715812202623091	-0.7567122352042631	-1.254349889404752	0.35317480862245115	-0.09022122450172412	-0.5935731838460654	-0.2562841766616879	-0.05974804776527082	-0.5691594544925207
218.07	-0.2149706089897344	-0.06463771488757011	-0.24927684288418184	-0.773443507654471	-0.6748702238690741	-0.7982303690872388	-0.28754590133015845	-0.21487205654154956	-0.10866095422890626	-0.8208145072533748	-0.7537974562894955	-0.8225888181476328	-0.0807537688775696	0.044718163599025	0.05810872440493092	-0.2937578835251346	0.06963160202502194	-0.017041994801281605
218.1	-0.4861892093869469	-0.17908179312682002	-0.18076079098708134	-0.24144294481160275	-0.2148780897943645	-0.8826196421275105	-0.21232823658055408	-0.4583032371214165	-0.6612599043653329	-0.6469972440932555	-0.9426280718438237	-1.0896855915518344	-0.015615877850342505	0.1043752537468832	-0.24740630138362052	-0.1750573672583695	-0.5765142878213172	-0.5909753238034311
223.07	-0.323638542695828	-0.2757147564064524	-0.3097602747858419	-0.5457088962046652	-0.33993489382471487	-0.3005508977800293	0.019534030913596262	-0.12296878257620361	0.05568547458495682	0.005984255935120423	-0.20522449515833646	-0.21752032743223954	-0.13277475230915126	-0.055116256062880994	-0.2461402578202839	-0.281699276437978	-0.1357814291750522	-0.40343251702169924
225.19	-0.2941469938411149	-0.29557507025330465	-0.3675764465511485	-0.36115188741432813	-0.3238527249440573	0.19652328846594658	0.48162394787752105	-0.26960283359693915	-0.7874432303723965	-0.24794830880282798	-0.283936147815536	-0.8989073939484914	0.12054471113879073	0.17546601207653562	0.0377216124114384	0.3329400672033741	0.8599182992503241	-0.2824422575368556
226.01	-0.1696040824673197	-0.25567394601810467	-0.9911564826265978	-1.4425940931660024	-1.708907835357419	-1.6289213750053029	0.8124238715678603	1.020559191177256	1.0144114069500718	1.4792148929139066	1.6168832909302921	2.022595993395104	-0.3274764698295483	-0.14755907218610143	-0.6282890635790308	-0.11521126797871653	-0.06101910171636703	-0.6035029734767244
226.08	-0.289078799153363	-0.311145047825496	-0.26905217305273593	-0.7050296024909597	-0.39342928082037903	0.18101327529368694	-0.03304730471415901	-0.028706682042907064	0.4176843806801318	0.22551531547600506	0.6128445768232222	0.7610631942269578	-0.16537932546057835	0.01092090140735226	-0.22454352760009877	-0.55116061411758	0.0012383796894221977	0.14228959794591056
227.2	-0.2700777862283634	-0.19865291884272224	-0.3634322700169508	-0.43247128589245276	-0.4510752110648669	-0.514712695908088	0.12040996188480291	-0.38387858729793567	-0.6075887344587172	-0.2996100097435174	-0.11300925651347477	-0.6305491542442316	0.07539390671387394	0.04935402321142281	-0.208305164843022	0.017094637832596193	0.18003579703425604	-0.38776427624129745
228.03	-0.5279007879089116	-0.04568534444346435	-0.19369157543840357	-0.49840504345265435	-0.6675428689781893	-1.042518773445817	-0.1598385608419331	-0.21550643610294282	-0.3960437016655506	-0.4600308520831662	-0.7049845108942521	-1.1567824782792504	-0.12862310533471705	-0.12326311128776744	-0.23673054744422545	-0.5422513620387852	-0.9591588895625609	-0.9447261765628052
229.01	-0.08333920526366716	-0.17631085231628868	-0.46221843588080724	-0.25694253713873705	-0.21268911195579737	-0.12025534738259133	-0.09262629386131345	-0.23098949574562488	-0.37021345412830514	-0.2265011442134709	-0.11992987073674372	0.07992340507688153	-0.17921621466741897	-0.03737097511431631	-0.3061546547693935	-0.2919684265814518	-0.22601609081707275	-0.5246750616211944
235.07	-0.4370029617939479	-0.40171875540204594	-0.608619573462137	-0.3983952101809485	-0.3696323763379956	-0.16861386146891874	-0.18695508903477728	-0.45954360180079745	0.11765461020735557	-0.3270332898847972	0.01940382762766446	0.020232481441744103	0.037865432659387036	0.16772282587581555	-0.11137509627301112	-0.2508023373683929	-0.031666779883043616	-0.35081977055577984
237.03	-0.3463781149960877	-0.5153871625039516	-0.8920471164196859	-1.034814676694051	-0.4942657527435539	-0.49306529412312244	1.2524897497697214	1.2307237406564668	1.5056471774346571	1.452359243853118	1.4009985882267	1.0653876568867595	-0.15774753309784806	-0.06746044703251025	-0.09199076061194908	-0.2261314138867596	-0.07564395479096059	-0.3691740940818304
241.08	-0.4050860397081006	-0.43183622276261396	-0.7568791462065871	-0.9207646737790933	-0.4604117322277821	0.06955564412959858	1.0049222993377889	1.3326572050439698	1.8930025212700576	1.5123602544525026	1.6775852639712778	1.3459197144541861	-0.20445670063588453	-0.12392169881059388	-0.06793665263947715	-0.41299551002118173	-0.16435411199389027	-0.46410701340873406
242.08	-0.22213848128971903	-0.5001757535385178	-0.4252183075835738	-0.25261793872935984	-0.4043288639041751	0.08655208993888208	0.08455470089419861	-0.0703895071346756	-0.12950803544634476	-0.20093392451245062	-0.3408394930313352	-0.3633149746824981	-0.005794772055561143	-0.1198358580281438	-0.26465276323391934	-0.4536131041015774	0.0016332630693758343	-0.5110595825768544
243.06	-0.17338996085301484	-0.3927022732282532	-0.3823232073402074	-0.3926511485508595	-0.1270546441285284	0.15204353154328593	0.06799554130939102	0.08602541715365572	-0.07078527879278101	0.01859732388578897	0.18288265162942785	0.4024044237175799	-0.11000324617881778	0.6499398064745466	-0.3511502961068058	-0.2360407217237505	0.4389142615346583	1.4093164614922187
245.0	-0.18727677742187337	-0.3706563411603756	-0.5303128243456788	-0.6690365218016083	-0.5766464568139431	-0.6832000551792117	0.3562956074178997	0.46344206474768074	0.3880692201625541	0.7942312180360113	0.827024613530357	0.7084992480622669	-0.19027721429734107	-0.003476302703275272	-0.30759572739460805	-0.1435044804117516	-0.10036753702976375	-0.3487407779405727
249.06	-0.30657574590590114	-0.4136528528984416	-0.5587874330687783	-0.5609432931954186	-0.4939223411287992	-0.35051984910338124	0.28507224323912256	-0.043340032160387065	0.228404736829348	0.5833398081119379	1.5105809840031377	2.056723928544541	-0.10566398254757563	-0.07175314127597965	-0.40464444571129876	-0.15063212641167797	0.29241809223030246	-0.04943437992207922
253.01	-0.20392217618837694	-0.33574378322893594	-0.6504767357596475	-0.7082168006472808	-0.646166147624875	-0.6677183883988046	0.01997315788811138	-0.6260805448128572	-0.6194264814107544	-0.43193722408954865	-0.8868950933524988	-0.7511697504902555	-0.1121790282643366	-0.2621114847759516	-0.6010800319807962	-0.6719828402442303	-0.42029080163489085	-0.965340728466645
255.23	-0.44646906038720025	-0.25832521237113726	-0.43432012681243604	-0.4486787250917505	-0.38700038557595573	-0.6795326389606967	0.3591181140374832	-0.3937690174010854	-0.8139105625361349	-0.05031553689900847	-0.3564146354235177	-0.476332213975907	0.2886926980668118	0.26082605650314	-0.044953788229662006	0.12054224825542421	0.6531865914875867	-0.10563903146998437
257.01	-0.1160892525014997	0.0014454865285711271	-0.35953249631739426	-0.0763812664161003	-0.03789057003717594	0.22069446763347933	-0.18405072648894694	-0.32733994282724144	-0.1982338946894141	-0.4386093497210357	-0.854969613507709	-0.6349842145502201	-0.25204547246071834	-0.15874293661447259	-0.29623275814374717	-0.34720345743595044	-0.5552689397572188	-0.6447864538611474
258.02	-0.05468822613073682	-0.32987854094849006	-0.2843725283068033	-0.6165415935970486	-0.45782146977164634	-0.13422140034156493	-0.1344294816105014	-0.10458520485647782	-0.22494297326560703	-0.2660958986655489	-0.40451746028143987	-0.645572081978483	-0.0706288631718979	-0.04315868850231552	-0.20785545396356309	-0.29343322960825763	-0.17230926156559778	-0.38709738016314915
259.02	-0.221848153180348	0.10433047267158357	-0.005189775315893264	-0.2143632713038139	-0.12618312057870162	-0.9031805476783439	-0.4826225604938311	-0.614436425261978	-0.5155722756052133	-0.44602251714575114	-0.6459510983858519	-0.5824489834154072	-0.3882724984038046	-0.05652018922057633	-0.5122760016914549	-0.42368809204038105	-0.5833254779778386	-0.6526066723609939
263.1	-0.10458309738210829	0.14653336708627135	-0.4835268455177879	-0.05396584252269049	0.025246522773828994	-0.39815534849763623	0.13362038748329552	-0.6268805975691691	-1.5764593818227395	-0.5622519290484665	-0.8982933665411377	-0.9737864697213109	-0.42201538095505703	0.3017859728832355	-0.2720351630414568	-0.026603938144131298	-0.44941862474807454	-0.31709708462727026
266.09	-0.05178286485493666	-0.4897068278106155	-0.7873174861034182	-1.0527869540908366	-1.0774830515171296	-0.21999164135468696	0.1620803715525099	0.4690566074274473	0.9023264436326763	0.6334898908088522	0.6530753534168987	0.33136882563907244	-0.10699563004999255	-0.47784992385467195	-0.9483053841124471	-1.2163552281276746	-0.6210839957326596	-1.436256164027391
267.07	-0.17587827917313595	-0.12843957686790283	-0.06088131531131882	0.5825323575333203	2.4863791740591523	2.252590206791578	-0.4583808177149499	-0.22073608063340658	0.45767524472289867	1.6516287795616829	4.01712398618379	5.094524817226666	-0.2316957354001535	0.6308660423620052	-0.5143205341061633	-0.2411191489984744	0.2585747811230986	1.3781348268650095
268.02	-0.1594521279161927	-0.2695435356956865	-0.5498850010877558	-0.621664514261014	-0.2499321504721599	-0.23881756203647742	0.40814167823012104	0.4168420744910194	0.4524882618203139	0.8539185012194219	1.0836869833000655	1.0806652722539807	-0.3324274605141264	-0.00441008172836263	-0.21061994676575793	-0.1370443926022235	0.317672634513301	-0.036772949526338375
275.02	-7.925654722359954e-05	0.5309464516912439	-0.09379184975141852	0.7267042622264093	0.49299121829014314	1.0454257708056853	-0.10182771076814312	0.20975596512781747	0.2924986153896805	0.26626325743926693	-0.27357248312713855	0.1310361658804573	-0.30708627032389596	0.0020691699734675106	-0.017325389682190107	-0.6498303576782032	-0.79635840867253	-0.7713528711538573
275.12	-0.2670144584222031	-0.06643076781137608	-0.2853376672116338	-0.42552674339040825	-0.18036724350433064	-0.4393498027505969	-0.3440821651599186	0.20547373959505918	0.7516195035100396	1.3124047802527992	1.6008677131674247	0.9464766443242167	-0.4473381683499057	-0.5328334889764684	-1.1735351346267353	-1.322411492619198	-1.192378758337706	-1.4857826896756259
279.23	-0.3679166136037952	-0.3624251045918871	-0.43206724829537035	-0.5271257080731375	-0.4885873571997214	-0.22107677008229631	0.20992560576217378	-0.5369809879609778	-0.7737724774125977	-0.42953034316501504	-0.3855864165109964	-0.8415886499527677	0.5415549581970974	0.213590527929584	-0.13992096629810097	0.28049845096817216	1.1362918493526035	-0.07492583181856122
281.25	-0.28820469227446444	-0.2524067849312575	-0.32266461621346487	-0.38699217892471094	-0.408268327726646	-0.14778453390624188	0.12636600010050275	-0.41364321555778033	-0.47525825888686146	-0.3112286406776284	-0.3764141038616018	-0.6933109406709483	0.33462656903563365	0.1344898812285007	-0.20295340198716802	-0.018451490839360676	0.5120589272539584	-0.2835135955162496
282.08	-0.37781066682868397	-0.6470762187685934	0.2644837503729822	0.18757316963215898	-0.4483327083329289	-0.31932168831669505	0.16960618526158103	0.2616418256712978	-0.24682916445019448	0.04868517331624504	-0.029553689325216775	0.12114486481632142	-0.1683064716638777	0.7910387058756914	-0.40091973908723877	-0.1816730147863539	0.8005367297948758	1.862485855901869
283.07	-0.26854728256692717	-0.32903001258856834	-0.48301377567076864	-0.5106359318549796	-0.20531535383994803	-0.1525024782975719	-0.2802676515578609	0.23782084237945794	1.176458262664843	2.3098368894194383	4.009129625349154	4.783640002967078	-0.23495171923223157	-0.156819523026512	-0.36643908028700006	-0.32788341958461914	-0.05462892315264323	-0.39883176778282087
283.26	-0.43009313943572564	-0.25712044749375945	-0.43554701383832656	-0.40265068034765195	-0.32919489343595776	-0.5366095553228208	0.2967499570146895	-0.37260381851238655	-0.647364726919907	-0.05520722713480736	-0.15958468044323154	-0.4778240894947696	0.0067515391171863726	0.03478357085288081	-0.18044038308933444	-0.02863844947478192	0.3596396388276263	-0.34904731595677607
285.05	-0.1403520484720136	-0.2774554083111373	-0.622431899610588	-0.5954139002316947	0.00970362574560979	-0.2376874006877276	1.1620687659632947	1.1672187003101384	1.445373167243746	1.7124194661302772	1.7648359133972213	1.7334043194576245	-0.17744819983751658	-0.08613308228864895	-0.3004226673137664	-0.28754336440263706	0.02212516433058853	-0.19396291202278687
289.12	-0.22718578715819954	-0.1612615312734773	-0.5018231934295817	-0.10142699238979264	0.08010202068639716	0.44799423696816504	0.6365860690576176	0.8868094013102471	1.2803304490062108	1.180509191985109	1.3315119300943246	1.2638584839310187	-0.24957135684524817	0.012698417847202964	-0.11008669680117461	-0.02764961749858276	0.4005047442426874	0.047223569448247654
300.05	-0.3845784214355502	-0.049852634094953274	-0.1946933172351621	-0.4235049802044838	-0.4288823970206237	-0.7773551098938183	-0.09519064547332412	-0.25638656594026843	-0.5601102232565925	-0.281920680078274	-0.3232644607196141	-0.371030767268598	-0.1677237565857021	-0.08731220051292563	-0.18012306690042054	-0.3385920461718792	-0.33465478693771655	-0.5843636654863488
306.05	0.9022703388829412	-0.5156279677041847	-0.6908656326628398	-0.7783705104521657	-0.40793263088899956	-0.5519853942329708	0.11232151679273183	-0.14151578727646125	-0.20188668757893607	0.03261958424270571	0.04879168399900484	0.26882154534705704	-0.16288213800747925	0.08150866787181704	-0.38442627583769806	-0.42645721850348184	0.09521153447674569	-0.05999908711131968
312.06	-0.2976623374539246	-0.22857219363327358	-0.8873259675812616	-0.9216431516897338	-0.8728069623654853	-1.1629862415962549	1.8371564484936842	2.2990345517446618	2.512431167034179	3.8503530277333167	4.349203023620152	5.229727743954732	-0.49717405648867447	0.06710666362010453	-0.5505660821331354	0.1717251153578488	0.8274413525274146	0.39972410490957094
313.04	-0.05600067742618531	-0.3521555306715988	-1.0747886060832652	-0.8033174435797965	-0.5414298771215893	-0.00953206544444729	1.223275618749717	0.6192168338604798	0.538807800907677	0.79221405985217	0.9082923229833814	1.476825821988373	-0.33363993026286176	-0.23926020364936645	-0.9055193307875152	-0.6767761285847371	-0.1612199219792248	-0.4656431247389605
327.0	-0.1967697771350516	-0.3982923428831615	-0.6193115924388931	-0.7409180630971013	-0.42220185894699647	-0.2123532234777658	0.14262183222618535	0.19862393015117197	0.20987224605879576	0.4213914825815489	0.4123507791713652	0.41953881223798983	-0.25667931590765203	-0.07403774174359756	-0.22400500098717857	-0.14076225690127975	0.08576831020247652	-0.2487191293551068
334.03	-0.22696031372449138	-0.23985453208818514	-0.16963299505425086	-0.34639237385438104	-0.04973677437983115	-0.25567538978743787	-0.1708552664300255	-0.1329685755969655	-0.20049784107099966	-0.18731543753502633	-0.2452132299812423	-0.16430204782847174	-0.023835088932831455	-0.12722304759682498	-0.13523960538738813	-0.40012720145655895	-0.12061608830197423	-0.44674950098538785
334.07	0.09031464073681296	-0.48026778774938883	-0.43914788217982553	-0.20427185287567917	0.30676691997027183	0.4213455223360323	0.12709815703320496	0.2983692193779175	0.23578180218856556	0.5056988583934849	0.6645389886917085	0.5514110179619329	-0.016865299845591764	-0.0194818743240881	-0.3299437746750773	-0.14668393462012508	0.946793525834456	-0.15679422411966176
337.06	-0.42237072672336823	-0.5607789154854463	-0.4783341563461085	-0.7550185241669962	-0.11718644146825552	-0.686251930229707	0.3526159735572963	0.33517864991081786	0.3252411973674429	0.4328291421991123	0.5298988139318586	0.6660928318860291	-0.2939409008729986	-0.3484895472111859	-0.3101865794809251	-0.7018983938643386	-0.7457221960229727	-0.7846276680499111
338.99	-0.22841177928792153	0.30306989720181354	0.1589579234337607	-0.08148105260778332	-0.1092669530559447	-0.9346088816227465	-0.6103531456250211	-0.28802697342898764	0.02252052185613923	-0.09269910624478545	-0.3008418834735083	-0.17615343166886968	-0.30833777812406526	-0.18302666935730938	-0.5714750743705405	-0.7230781358453181	-1.2085381805740691	-1.2653047048900385
341.11	0.1507413399479961	-1.1660882164516466	-0.6409128400300101	0.06166482031633036	0.0629955411851264	1.7570393134717732	-0.17278644447220987	-0.43886896872832976	-1.4961906460005954	-2.228411762051881	-3.062623443813457	-3.093465869708254	0.00530725924030373	-0.1465406942372358	-0.37334165073582715	0.061726242702219936	0.9044295995789319	-0.12077372652057183
346.06	-0.18403725904897922	-0.17100171658935753	-0.5261684448068077	-0.6486388512339905	-0.3847456553719554	-0.23384809425310193	0.07685169729806016	0.1381802314387533	-0.20582115052094452	-0.1476813929231759	-0.31543065775599777	-0.12232549690309838	-0.27144128179204763	-0.1453097854182739	-0.3765796780576317	-0.5311590510139678	-0.32434169222874254	-0.3222540119752473
347.04	-0.39949819566406597	-0.46228013777915977	-1.1037416471620374	-1.268329959664122	-0.9881151741650198	-1.2998951290572824	0.9669998876709054	0.6704203010634018	0.6334365606924715	1.0136372386323433	1.3530989576778905	1.449185771173923	-0.3917258194880617	-0.539401894776503	-0.7739804847984927	-0.9729340950766382	-0.8143510785036967	-1.0680795041451991
350.07	-0.28105471923787134	-0.17781930075133667	-0.2596812789673103	-0.356614267742084	-0.32322962752906503	-0.40264898271710536	0.058910444855353995	0.20382375350355092	0.06862652231037897	0.22758491159343613	0.254463047973396	0.11332310756364987	-0.15731502199995373	-0.08970264858995176	-0.08506189247494836	-0.25324333875395183	0.030730465468719104	-0.22370632957273828
354.0	0.10394911388716682	-0.3000741805229239	-0.49200903556373654	-0.5169458071484623	-0.27453325508592386	0.2032408725251219	-0.025128037251353735	-0.15512258447264304	0.038021920217267274	-0.022733637450413305	-0.129839574865232	-0.18141652588623175	-0.08092975388362192	-0.16294506573801457	-0.2259480460210601	-0.24339839145609254	0.20628293901272293	-0.22260983603276757
362.05	-0.23594094036783306	-0.2100562102505723	-0.44491934440616676	-0.3817602911030841	-0.1621415655214652	0.12771014067688918	-0.22408160447552616	-0.09145359751807396	-0.36845384041516793	-0.5676147784124081	-0.8421417530619675	-0.7217921629623267	-0.3156119364796432	-0.2094435657079667	-0.42571337187412384	-0.495722150855632	-0.37186739961078163	-0.388441369147985
363.03	-0.289264224005532	-0.17790423120549975	-0.1650969033632596	-0.22221441390036817	0.2787299213584108	0.031106485587383992	-0.28983480064095835	-0.5881515498325924	-1.1753954685660444	-0.00991907175934166	0.2503684512149639	0.5913606668465943	0.01698277509324783	0.2799115707089588	-0.22863838214148585	-0.010136571566010194	-0.16145847338089417	-0.05210426151550883
365.05	-0.34897136889387703	-0.2533189775018319	-0.29723884456877814	-0.3366156222723787	0.15291810499498656	-0.10578254341185334	-0.16710175109138606	-0.3905616813975322	-0.7778066926133171	-0.01626926258707387	0.7404997097112264	1.433686091015763	-0.05885922415757033	0.1824396654127503	-0.2627149410238986	-0.13568510671901185	-0.3564265810421378	-0.27852658143489006
367.36	-0.27149942373694275	-0.33238197023291766	-0.3417352337715415	-0.47910966801235866	-0.4326194973023191	-0.5618112681768348	0.052321412559737046	-0.013018507548253191	-0.259953409009487	-0.08078068994575428	-0.23963350334744798	-0.44519994874749247	-0.1918951469337372	-0.217744723157039	-0.34618673663815214	-0.22812005577579886	-0.4103429151274671	-0.5851668274449129
381.12	-0.05786569972648847	-0.28963697625974566	-0.43102130968523905	-0.309431175695712	-0.03983612475095338	0.19441554746981116	-0.3309087204703754	-0.29362875029978214	-0.37291840109657365	0.05132194535964216	0.5241867207787185	0.6025220674226307	0.30824100162259965	0.21466215175053638	0.1890800930228044	0.012825191055368806	0.6449825519575555	0.42873666195995674
387.0	-0.25619820839808266	-0.2983793783103821	-1.006470010407804	-1.6349020767434388	-2.328476225635942	-2.62794234438907	3.0862102437287664	3.367136757072412	3.035737895907535	3.937817659236737	4.113862346168725	4.034605721394776	-0.25680116550363813	0.03616197041439506	-0.09469552251726154	0.23531702830175222	0.4755658458713814	0.31752374576565356
401.01	-0.14553486307504646	-0.3596735342100349	-0.462350397563152	-0.5546514651109349	-0.11022923764299186	-0.03033808014113895	-0.9428317422780006	-0.7606657472166315	0.7514452472407229	-0.5516674686876277	-0.4798158665779305	-0.26788592183953214	-0.21111066189564276	-0.12442881235154042	-0.5347106321855594	-0.31131900379767485	-0.029729865993767646	-0.2616833027985487
402.01	-0.16941933100295806	-0.1704918918190163	-0.1380583051862656	-0.09387331291371509	0.3351485823854113	0.20283594178487377	-0.0523981778309561	-0.025498664850411953	-0.11261125414688647	-0.26236002929833274	-0.321741814346302	-0.14970928771789457	-0.17426945849391276	-0.012636933595672084	-0.5373571042583861	-0.4220425282077134	-0.12764303799672827	0.07400453271288358
403.0	-0.25790175088394546	-0.23938224585160067	-0.0785331741826045	0.03350330077494179	0.7211548942989947	0.4078184115415068	0.06561191457976584	-0.09541856021796509	-0.44702829615715295	-0.5428927093662788	-0.041736037946305815	0.6186428089174156	-0.23176025156533542	0.10295106936728671	-0.6375857956725113	-0.40468570932870807	0.053234046634534904	0.4275446220093201
417.14	-0.31292267389274797	-0.7946604608730541	-0.9368230781714192	-0.7393149255415705	-0.49648236676244595	-0.376218647918821	-0.20973388787874803	-0.28186590244154824	-0.18539002498040266	-0.4738078302082071	-0.47903514497618477	-0.6235683528075261	-0.04551187319278918	-0.1842356457348138	-0.21689877012910347	-0.5056197754255845	0.19030142495849778	-0.9126923862323717
423.03	-0.12029809306437908	0.04038841049687969	-0.09547559001245887	-0.14685369550196192	0.22693013099152315	0.14828786380056863	-0.0872554661353182	0.09738248560891843	0.07808710362878239	0.07164952925742764	0.17107967592725434	0.037982033345550115	-0.2686107899103704	0.004218489082917887	-0.3122866630462175	-0.24149234073493153	0.004935979244980293	-0.10257865547916627
426.02	-0.27781342449524343	-0.27392845903197655	-0.3660010743616075	-0.6748060087110339	-0.17111401770987578	-0.40176245081501316	0.19818241421334087	0.47616721321351635	0.35033082110897873	0.46720143005114156	0.4257762282393758	0.7837533589968035	-0.3809688696628311	-0.2269436287824954	-0.6041211168916526	-0.5660674889214633	-0.33449874656711687	-0.2937668370913906
441.34	-0.33508658520412327	0.38674018193277	-0.2082701526248285	-0.49753039589375714	-0.06749440972018966	-0.04201286763160539	0.14738369286081943	-0.410131747239413	-1.0944846884930668	-0.44777026238561685	-0.54275185601076	-1.3239186681706265	0.6211101979139656	0.5847810405416562	0.45004221503600844	0.31755932647159424	0.47714250642953276	-0.30883091097947246
453.07	-0.5062281543187717	-0.7496129624741389	-1.1137125719642806	-1.1657545274763648	-0.8187755187262631	-0.6244526979903913	0.940278203223885	1.2673131849272539	1.2612425308691368	1.4496134868250934	1.9170355187910304	1.8766289373094003	-0.17551386858641949	-0.48193630676560717	-0.40860938733441854	-0.6704187299418398	0.1254475702700334	-0.6762375831270926
481.98	-0.23647501425954082	-0.05771243748178198	-0.12251098842093114	-0.17948503974964272	-0.10294101458223509	-0.4047165050351912	-0.09417267949699364	-0.10675947870539856	-0.41139585308319526	-0.36919547225117505	-0.3986757624310409	-0.11338420082612996	-0.19398564428174095	0.07826830146466446	-0.20958940928652017	-0.15266034771840564	-0.15787838593191547	0.08120470162954752
482.96	-0.32791609290353946	-0.07683961948684292	0.08783265053879721	0.23723512094104537	0.7584793920497271	0.3203928999715563	0.06507896241049227	-0.048328485103178526	-0.49588992012198857	-0.6066239507228097	-0.4602014543513732	0.1569396347959928	-0.25355197125180834	-0.043079464067879325	-0.540843232041612	-0.390375491281187	-0.07535507012046522	0.4898469922901612
489.99	-0.2310347580653823	-0.29553274290512144	-0.27031324050607963	-0.4146157953140731	-0.19338471382476796	-0.003760228961462178	-0.07827664592846947	0.10359154082835144	-0.04907078655742958	0.3187607056739076	0.5393368859255449	0.6741989255850768	-0.1662527272636525	-0.054473761463873116	-0.35912507486162304	-0.2626735415969018	0.21631782420767073	-0.05794079780632403
503.0	-0.059746221196478655	-0.5421533448429218	-0.5457117323361069	-0.35781970033755045	-0.5000866977713596	-0.3007061985184958	0.11458552390635289	0.2924782122339577	0.020564442519165838	0.9846240912258458	1.2883582257769253	1.2445752287212752	-0.04727080317244528	0.0240431044411617	-0.3568722267556308	-0.08351115016507113	0.46410864000452046	-0.15122871740011037
503.16	-0.20926879195075723	-0.3943284192726977	-0.23020358624037016	-0.5186966380428407	-0.7616748389480117	-0.6865170074452505	-0.3645602648981029	-0.5053872010137954	-0.8931032330825229	-0.8196748656720616	-1.0317219247869764	-1.0748459965807284	-0.32264829577778203	-0.11034637782703975	-0.43123823525672333	-0.3513299845615199	-0.3533924498855274	-0.6393376909490137
505.99	-0.33143653141810847	-0.1260909279368918	-0.09869186462495724	-0.2793607107699948	0.04998436470922929	-0.29853035134387007	-0.06056844177327486	0.37223980406169205	0.3310499333574161	0.5429725788351112	0.7186733249014366	1.2413842463400138	-0.3521261872325653	-0.28492972288277524	-0.4900724485291531	-0.37626792969905676	-0.2104936541854453	0.07912036209533188
521.98	-0.26249253126896355	-0.06026914364911967	-0.16617705962284401	-0.25454232752931044	-0.09205380208378777	-0.28163969495240904	-0.021461633940893954	0.14832843095074322	0.044328121709102275	-0.22454929379831118	-0.6424138817571826	-0.1877449014897244	-0.11864075203436544	-0.14224925920167342	-0.34179791206679944	-0.3869350817102932	-0.22309452390850815	-0.07331630846112976
565.05	-0.23327384804655552	0.12437491270631684	0.36906705530750133	0.5482655111758553	1.0245913923135177	0.8105491903597122	-0.4492262471509364	-0.17106778220862798	-0.6038932715633905	-0.6651987648489252	-0.4926563285784572	-0.1511614622741108	-0.33958839305990873	0.0677080163540455	-0.3727762509413844	-0.24084323701664334	0.33424353706454435	0.45344039848310874
59.01	-0.2855928177185399	-0.4956669454797742	-0.3259393048298005	-0.5423192156407404	-0.8859923666667245	-1.093799767685227	-0.19115470984343047	-0.249631365364088	-0.16789534831427927	-0.5243826933538329	-0.8412275633739776	-0.7678704525544693	-0.1915786905449711	-0.10191212854963183	-0.1301238294107889	-0.3163450422194542	-0.5162184034448897	-0.6343480168182668
59.02	-0.329189262872191	-0.4657569755521921	-0.28891663714317867	-0.5418016163929891	-0.9391222434220388	-1.1712212417367738	-0.20543098536174015	-0.17252732829515574	-0.0917801712948188	-0.5085017532001039	-0.6507712691457873	-0.76323976319758	-0.36266604357873045	-0.18547118486107925	-0.2868563056624127	-0.5915556003591529	-0.8023698289271889	-0.8428247297106561
604.07	-0.3598392104235197	-0.1834544918857013	-0.27938569803581803	-0.4349813094827809	-0.13666196354396598	-0.36988168823947143	-0.21758989629726677	-0.36090490817873394	-0.7228371837929711	-0.8153589767661054	-1.184388331591724	-1.13414660480692	-0.22814349730841513	-0.2757946857615754	-0.31831317233147005	-0.3461299103352491	-0.2814519511840327	-0.6164601053609448
606.07	-0.2971033809652605	-0.02699171123511207	-0.14194257585217507	-0.025599196235549515	0.5490582778471464	0.40371007726548325	-0.16259865372287913	0.1021666038709547	-0.01689453258835985	0.05025117837157621	0.5710504378394193	1.1948451659856814	-0.35725441811376085	0.1570032145244452	-0.542527503806416	-0.05691267800544719	0.9391707771192684	0.9049570824518137
611.15	-0.19628396984656798	-1.3127609766847652	-1.4455657590124054	-0.5934673895222886	0.5996506949102822	0.34631104660745404	-0.32315545251284034	0.005911798048099548	-0.7237866469165309	-0.11884612160862354	0.4998885635735891	1.1377025040857336	-0.17407708083528917	-0.8007148014330799	-0.7923347793721239	-0.4844120303793886	0.5316798580653916	-0.3378590823785526
662.1	-0.24238170430867134	0.0964518334803866	-0.12834920224825963	-0.2755433584769381	-0.19740455759354575	-0.5905975798501405	0.41155533248808707	0.602134475482587	0.5867315228011826	0.9066459548132639	1.071817034655186	1.0029089317656619	-0.3180240320758903	-0.18312998424321006	-0.4222251110805371	-0.3432570231018277	-0.15822584608315238	-0.42395376218101044
664.12	0.07714056816403234	0.01973461437800693	-0.1791098274628159	-0.4482265253965151	-0.22189202833693644	-0.028564726437737484	0.12287359143291937	0.524412708825521	0.8584228593638901	0.3010912785549361	0.5225825144311935	0.5112720590335754	0.22065013409280493	0.2707933192809981	-0.2462835273477726	-0.4774109808721973	0.10560012974328414	-0.8652008099800811
665.22	-0.04244468921743022	-0.7835854539690095	-0.4527260634832316	-0.401326655228991	-0.40321940178968124	-0.29019785714385965	-0.25430138479525904	-0.30425725008288357	0.05517255703843632	-0.24883428845117767	-0.17170042394120552	-0.05132153466275701	-0.5032021411206935	-0.05120576117944711	-0.36017988244363025	-0.20491710771253827	0.035537138726821044	-0.8716234372780729
679.31	0.26222495007886504	-0.5939281257640261	-1.5471891047693416	-1.524051765947537	-1.153559851198624	-2.393748457681231	-0.08187966974814531	-0.6841535865633105	1.253461705100062	-0.21624719544752335	-1.5093588592252631	-1.3693668583127174	-0.10805051499491225	-0.12872412370449726	-0.844601721416248	-0.1611258156364876	-0.5266529476435912	-0.8835447413264238
694.67	0.6209378473797201	-0.5867936093269733	-0.9119168691925146	-0.5398263189336604	-0.9752848351526212	-0.5951058403740068	-0.3838467740191703	-0.956975727246638	-1.1219258391355582	-1.0694723147722849	-2.1120413588393214	-1.8660482884347305	-0.09673861663075779	-0.04777261804491206	-0.6898606555507654	-0.14194987488737154	-0.7323955421341787	-0.9204303636923664
71.01	-0.43780247746463447	-0.262876316243489	-0.11347918392789547	-0.29909927624852606	-0.496065006812247	-0.9992558598905834	-0.1912009211762192	-0.4755403781552129	-0.6572233878281185	-0.5543955010201452	-1.014677987401446	-1.126542481738631	0.006036163915033629	0.048891875193944834	-0.2450091300011653	-0.19370517928648837	-0.5582471460733494	-0.56282312917762
716.26	0.22186103377440908	-0.39509199727846417	-0.2038228080122626	-0.9749097004475047	-1.4484542663644113	-5.403263352956443	-0.6576528380400649	-0.2633908778645488	1.7057173763595939	-0.22136628489397164	-1.3959754995163796	-0.3768369069408082	-0.859737115681645	-0.05230959973444402	-1.1686620381728057	0.04833986327020809	-0.7032600663896293	-0.7500558483013134
73.03	-0.1645093732538288	-0.1539670245891077	-0.3839106592172271	-0.21664801406388678	-0.2123245053315371	-0.5102446752279142	0.08068656756863904	-0.25773094293280296	-0.2586066973603173	-0.374850030059647	-0.5280073793677952	-0.6889369737553606	0.06279588155658097	-0.039497091618351104	-0.271840122782273	-0.3197479494329458	-0.3498091847569794	-0.6286451803079859
74.02	-0.07208850201843416	0.014448797353683596	-0.2952441478108253	-0.43529054575560777	-0.27524064219765326	-0.4968341435951502	0.3360872562724652	0.17996617458159334	0.19671393172680765	0.5589201423359621	0.6840413896637547	0.7083921484137623	-0.1248292574937967	0.19220806917927283	-0.265874489931843	0.13099639614587033	0.2611773231117617	-0.06828295585394402
742.07	-0.34943048440740826	-0.15709719625267635	-0.19438655618219675	-0.48477750614853443	-0.3698996789593175	-0.583113119518499	0.1084142422035821	0.5170827517543597	0.38755417982174645	0.5308009359591851	0.8230811046359057	0.75905083374995	-0.2743611046330348	-0.4185502060078212	-0.24580774997801016	-0.5125023061962204	-0.05071106412077875	-0.5369640112257774
762.07	-0.3611336653230802	-0.05557075722134225	-0.356110251618806	-0.05638780431699336	0.008742783534296583	-0.09688987112384528	0.06472640817161669	0.7016712984751637	1.3767380127855624	0.8519892280637762	1.1167361309689563	0.6792265261742697	0.11301321997477401	-0.3112818046255424	0.01915368846732124	-0.6764247838116548	0.2681914788742823	-0.5667528593123304
766.11	-0.5245428328348624	0.3329049544602702	0.21753461373345348	0.24286765980101443	1.2671660091619616	2.004154648294663	-0.21042864708775993	0.15888337228341848	1.1708984140139334	0.019982271456360112	0.39377656020967566	0.5962279985148902	0.008302496063390286	-0.458834292101869	0.08167191801401474	-1.0366337732748847	-0.13354123284794372	-0.5230612084367023
808.12	-0.37726055667150515	-0.09444527100269422	-0.03374597913334626	-0.12465287637080302	-0.0182027738830442	0.08106739929991999	0.05019539720335153	0.264997935762295	0.5897598456431485	0.20927277287843532	0.5220499993411833	0.5657636482124986	-0.2046749774007756	-0.3561148486085863	-0.2956206171254027	-0.7474636355566202	-0.11366374114055133	-0.599547344024882
835.04	-0.698391778176554	-0.5594652213010465	-0.5050990676041447	-0.5316247390284969	-0.5941438554745402	-0.23784115458388638	0.3244483799582778	0.44170351778208494	0.7826942166623752	0.6767624508712421	0.39553969032546793	-0.18132823057707237	0.3022179399958674	-0.3149373876762891	0.045961196591986886	-0.7157465135421142	-0.34734403392073754	-0.612136257337755
87.01	-0.2662240672599355	-0.12021066940777866	-0.19544043130456834	-0.16904506974007172	-0.07640173096135834	-0.25045223762249424	0.0007243404016017141	-0.4622992117215302	-0.6417428324358766	-0.6525495458260859	-1.100349649704904	-1.1757145301168441	0.004047146670398807	0.13597546869238808	-0.3262081787990977	-0.13353551170320432	-0.490632570817808	-0.3599346870456421
88.04	-0.26261129732862837	-0.1429605873914169	0.01505553931550424	-0.2010687906939416	-0.040896254906026774	-0.3336929654062351	-0.3048716743329299	-0.251952568268362	-0.18153486616295542	-0.5358756067522452	-0.6273837910321707	-0.7793042033421971	0.055455466552924396	0.09540872808060341	0.00755248347936377	-0.13443840323364994	0.08992550672236266	0.03238883475808997
89.02	-0.1647670201689988	-0.5215007256264133	-0.3707641023097776	-0.4083039962985433	-0.6715797040166757	-0.21866924679352862	-0.2114228177634303	-0.4749960439720146	-0.6030059861465069	-0.6600594247266158	-0.9673051689614429	-1.2628938232018299	0.09701974737355804	-0.022651418002332342	-0.2141766801970372	-0.33066316182724853	-0.3713218524100653	-0.706133187442055
91.04	0.1534940072826982	0.3327848851466684	0.3790483165645699	0.17733535864370487	-0.23783751959472943	-0.3875764201397807	-0.3836703825061268	-0.48301629131826385	-0.8249500565404747	-0.7713113442458075	-1.3783707062503514	-1.298161044220116	0.07911974779853183	-0.2227788374765212	-0.05466044545970733	-0.5814204185655423	-0.34294468067697814	-0.6090143932855088
920.24	1.6441430053294295	0.0059509540622262325	-0.01070656864453634	-0.3053367666059317	-0.4225101652538097	-9.281348241690212	-0.08421625523059695	-3.1560495106537485	-2.5889082966109984	-3.22703585701384	-5.873451453444769	-6.911891558795244	-1.214128424987557	0.1930975841429354	-0.521882466248347	-0.2985953130106469	-1.246952334419128	-2.6446943168777803
96.97	-0.3395488553914595	-0.24417734608236907	-0.019435483775956608	-0.4172811690883201	-0.8057314627094795	-1.5817246215940621	-0.2701526046722189	-0.3551230138530784	-0.4873872808120534	-0.447728918218386	-0.8932752537713764	-0.9395399070831986	-0.1726768810417015	0.004815654684032902	-0.28817020509367847	-0.33018923072366724	-0.8060671600688842	-0.7151549627928495
994.3	0.1406063163759398	0.1885395820749117	-0.08954712130912268	-1.679425376747798	-0.8172156743329134	-6.406198337018765	-0.5004700911282689	-0.7330844935347486	-3.0326684742288954	-1.2543688786884255	-3.692038531159376	-0.9445534141408853	-0.737674779423451	0.17602895268793542	-0.738857026117284	-0.29125125483776615	-1.0461358958866689	-0.8216318429396312
