	NaCl+alpha_1200	NaCl+alpha_2700	NaCl+alpha_300	NaCl+alpha_60	NaCl+alpha_600	NaCl_1200	NaCl_2700	NaCl_300	NaCl_60	NaCl_600	alpha_1200	alpha_2700	alpha_300	alpha_60	alpha_600
YBL046W						0.484921324924	0.658763376761	0.431563585583	0.764976840505	0.439615077028					0.538651566352
YBL056W	1.08671609824	0.739451627363	1.12262865413	1.19449914184	1.20273245917	1.18045606446	0.910094888561	1.34294414714	1.5376020021	1.23807216158	0.761201437286	0.528708288941	0.683400697906	0.52389328316	0.681310730052
YBL088C	-0.619607839943	-1.43297363384	-1.28149831113	0.325230685985	-0.789681480174	-0.573651426212	-0.556267758598	-0.347463581407	0.486782399932	-0.370998380713	-0.855737226238	-0.608535588161	-0.64378286578	-0.66837028237	-0.879097182385
YBR136W	-0.620150821237	-1.45967052521	-1.26921772433	0.330218384791	-0.762205006726	-0.479647495917	-0.301551461985	-0.336770365467	0.567511744229	-0.35076252765	-0.838931614529	-0.592609095529	-0.636952405479	-0.678608721688	-0.582528306797
YBR160W	0.523458190973	0.459545386329	0.610302451794	0.34978964534	0.520856752021	0.277366077466	-1.26921772433	0.34409358182	0.415668775632	-0.477816682381	0.694433686485	0.53655496823	-1.06499684855	0.579549140894	0.901010360599
YDL006W	0.396747338018	-0.432033093177	-0.30829979171	-0.311491192343	0.662540738709	0.758204568705	0.457050151186	0.843450848668	0.824198367152	1.0204516253	-0.660946264291	-0.663740447986	-0.68026950567	-0.474695990042	-0.651305809734
YDL028C	-0.611898798429	0.369368755979	-0.641684359918	-0.326886895762	-0.540004743953	-0.788612447063	-0.414652088905	-0.376750709602	-0.463189134008	-0.633763876282	-0.40538649084	0.582528306797	-0.399571674268	-0.314526980277	-0.414652088905
YDL101C	0.353792387793					0.643591672961		0.7070797004	0.579054594078	1.04817696468					
YDL159W	-0.382475465114	1.75696195131	0.928486194905		0.945386945443	-0.462810773756	-1.83268266525		-0.528121800693		2.18708664336	2.22914798836	1.42596873227		1.49079747767
YDR028C	-2.65757731918		-1.32422165833	-1.42365864979	-1.52287874528	-1.87942606879	-2.50863830617	-1.08937559511	-1.08830984125	-1.60032627852	-1.82390874094		-1.94692155652	-0.921905849594	-1.16052195263
YDR075W						0.482936126517	0.663340176546	0.428291168191	0.778846678045	0.451733454829					0.539102157243
YDR477W	-1.65169513695		-0.452594540333	0.862329462763	0.623240604595	-0.835944708107	-0.905528871358	0.30024896831	0.853871964322	-0.377578726024	-0.544393887418		-0.569763646588	0.640354207325	0.804100347591
YER089C	1.09636748392	0.754487332186	1.15989390554	1.189767482	1.25336580106	1.14752000636	0.912573542964	1.28567024025	1.54211810327	1.23807216158	0.758951849328	0.540758335122	0.706858516549	0.529736553035	0.686554629574
YER133W	-2.85387196432		-1.34969247687	-1.43415218133	-1.52724355068	-1.90657831484	-2.52287874528	-1.06298389254	-1.05354773499	-1.58335949266	-1.80966830183		-1.99139982824	-0.925549281045	-1.20411998266
YFL029C	-1.8601209136	-0.361011840656	0.508498233763	-1.09044397076	-0.548213564476	0.388276691993	-0.315064917359	-0.455435902504	-0.414539270491	0.38605252322	-1.07262963696	-0.540306023522	0.644548479873	-1.14752000636	0.386263858738
YFL033C		-1.09474395125	0.523748203993	0.592609095529	0.704432900038	0.605373235728	-0.32102662408	1.09582563172	1.24336389175	1.0048037084	-0.505984625243	0.357337668558	0.705754283862	-0.89448981523	0.422623108083
YGL019W	-0.690369832574	-0.745210312603	-1.0159229661	0.793174123968	-0.661742769754	-0.342657263185	-0.65678840982	-0.409381051793	-0.660747365967	0.409715596282	-0.524619406857	-0.486649201194	-1.01188715973	0.430275050774	-0.684869682816
YGL059W	-0.69940451611	-0.713094647028	-0.353890478021	-0.713319030645	-0.365925974513	-0.586867949565	-0.850165303284	0.317674381332	-0.354577730651	-0.443456291516	-0.771599641297	-0.439256698945	-0.450261268735	-0.726998727936	-0.421704694879
YGL134W	-0.378823718225	0.387428045935	-0.409046764812	-0.960982678003	-0.709297756712	0.351054817834	0.820735535661	-0.55720677406	0.305219363988	-0.421017157297	-0.637894680706	-0.684029654543	0.441651491238	-0.681727919788	-0.505845405982
YHL007C	-0.301116863247	-0.504316932383	-2.15490195999		-0.579384229374	-0.514988785421	0.307858390633	-0.610833915635	-0.474566446571	-0.585193720499	-0.340178841944	-0.354774288465	-2.52287874528		0.334043970546
YHR135C	0.309538106754	0.76045027916	0.420788219769	0.564155634016	1.01908806222	1.24184537803	1.63078414259	0.570086302236	0.563837352959	0.821023052707	-0.476123524362	0.491874463917	0.997833938243	1.26680273489	1.14935376482
YIL035C	-0.864231485432	-0.71063404848	-1.25336580106	0.73754891027	-0.74256143314	-0.334043970546	-0.754734160543	-0.423428315935	-0.677573947594	0.386686838545	-0.667763584509	-0.545155139991	-1.33724216832	0.379655700246	-0.925183559355
YIL042C	-0.693146251307	-0.698752911364	-0.35340024828	-0.716698771296	-0.367239111521	-0.585695311872	-0.850780887345	0.307329300844	-0.353204311222	-0.437826136635	-0.743282254023	-0.426664159934	-0.459545386329	-0.722390785696	-0.413412695328
YIL095W	-0.5312097379	-0.531062194335	-0.691862621362	-0.503485481302	-0.557050130422	-0.379759810154	-0.416687848017	-0.428873722916	0.767257937279	-0.519418213171	-1.25963731051	-0.474307475495	-0.804931003531	-0.575118363369	-0.531062194335
YJL128C	0.945386945443	0.451487743659	1.26042765555	1.76447155309	0.811915626285	0.941573975543	0.842845560094	1.06449273418	1.00966114521	1.36754270782	0.330311291944	-0.327902142064	-0.303206914918	0.308476477832	0.312917155396
YJL141C	-0.406160338919	-0.573001041243	-0.590066876669	0.315873074387	-0.341702349692	-0.330497165896	0.367947833294	0.340178841944	-0.307946634966	-0.388701637704	-0.317764643097	-0.368454772166	-0.43486084803	0.439854160151	-0.330962199115
YJL164C	-2.06048074738	-1.3142582614	-0.514846650096	-2.10237290871	-1.95860731484	-1.09908693226	-0.628562682596	0.30927245613	0.321937095026	-0.729554091982	-1.19449914184	-2.40893539297	-1.50168944621	-1.41680122603	-0.66837028237
YJR066W	0.34208406317	-0.575771929304	-0.450996737974		0.835647144216	-0.944239535312	-0.549289121853	-1.23657200644	-0.804100347591	-1.68193666504	0.774949303862	-0.379968104874	1.62160209905	-0.374584647846	1.43533393575
YLR113W	0.76095090686		0.506263197723		0.524183586969	0.681519274825	0.792365632611	0.47301493144	0.414313721548	0.664341547711	0.618163200002		0.842543231866		0.551293680095
YLR226W	-1.81530856918	-0.817300096664		-0.383734594718	-0.51726929992	-0.819014419213	-0.922995673207	-1.16813022572	-0.698319050706	-0.464199709175	-1.77211329539	-0.748848656825		-0.828273546347	-1.48280410205
YMR001C	0.291664097318	0.434624497286	0.511731384505	0.854803593886	0.480565805086	-0.835944708107	-1.29499204067	-0.901356274183	0.55642412025	-0.838033383636	0.339893778277	0.538651566352	0.475474063374	1.24718356881	0.510322708336
YMR104C	-0.373146585333	0.422278475491	0.302945107727	-0.537751784645	-0.579549140894	-0.549904924128	-0.622329560666	-0.309095445945	-0.676541633151	-0.348721986002	0.3293831136	0.386475297146	-0.335734199852	-0.58004425151	0.306800854846
YNL053W	-0.386686838545	1.69464863055	0.94233389609		0.96818772867	-0.464452720823	-1.86646109163		-0.530177984022		2.19382002602	2.22184874962	1.41907502432		1.50307035193
YNL154C	-2.7447274949	-1.4698003018		0.398591939465	-1.4788619163	0.526367073126	0.318487413361	0.738975166008	0.389978975336	0.582362260348	-1.55284196866	-1.36251027049		-0.424004379797	-1.70774392864
YNL161W	-4.0	0.43675629886	-2.22184874962	0.379135524735	-4.0	-4.0	-2.95860731484	-4.0	0.852632892206	-4.0	-1.21538270737	-0.339513984215	-1.92081875395	-0.567832730557	-1.16941133131
YNL183C		-0.42446578168	0.895171596346	0.954677021213		0.55720677406	-0.753255290276	0.997833938243	1.17005330406	0.978397283972	-0.481091426309	-0.416121401501	-0.467755356373	0.444301105281	
YNL201C						0.480172006224	0.652474840001	0.429223631205	0.774432286561	0.444663672005					0.528561592611
YNL289W	-1.05207638017	-0.508918586577	0.58169870868	0.51726929992	-0.557990840859	-1.12726117253	-2.05551732785	-0.339893778277	0.595337299126	-0.739213331345	0.417141537776	0.395018370393	0.877129077136	0.801342913046	-0.513003111568
YNL307C	-0.401428336518	-0.492548939098	-1.52870828894	-0.626720106723	-1.16621562534	-0.50542801577	-0.401866354187	-0.602059991328	-0.56399646433	-0.589897923357	-0.496617936526	-0.621238824684	-0.359916268627	-0.748361779552	-0.703334809738
YOL001W		0.318216233532		1.03385826726	-0.369877357141	-0.887060023916	-1.09151498112	0.587203571283		-0.49907776081	-0.310247303861	-0.405055263305		1.18442225168	-0.499214827083
YOR039W	-0.696587929403	-0.755228238505	-0.987162775295	0.816160962944	-0.652084813498	-0.348721986002	-0.679023322657	-0.400990760177	-0.662141570959	0.416574499593	-0.519561852822	-0.481222931073	-1.01999662842	0.435570673002	-0.691862621362
YOR061W	-0.883392256012	-0.699839463049	-1.26760624018	0.738975166008	-0.748848656825	-0.346498053037	-0.764471553092	-0.430158100596	-0.698319050706	0.384049948344	-0.665546248849	-0.545460015035	-1.31785492363	0.388914266585	-0.935916564036
YPL031C	-0.891096872333	-0.402633949734	0.337147766735	0.326518302927	-0.614930223668	-1.21395878976	-1.07109230976	-0.332080314683	0.676335464392	-0.712422190921	-0.397289055042	-0.438421631699	0.588548657862	0.617802789623	-0.587203571283
YPL153C	1.38195190329	1.59345981957	1.32422165833	1.27818938479	1.30277065724	0.64704608829	1.27164621798	0.444059562181	0.709520186669	0.623788149717	0.674279141981	0.465593100862	1.14266750357	1.01457352592	1.43179827593
YPL256C	1.30715308072	0.801068130068	1.31966448659	0.33161408331	1.59345981957	0.823908740944	0.436875039662	1.13253251214	0.673869043289	0.806597096938	1.14206473528	0.717831221695	1.01547268666	0.560983271612	0.759950227887
YPR119W	0.392652223232	-0.458295976716	0.489320968968	0.904481957677	-0.611898798429	-0.511731384505	-2.03621217265	-0.545155139991	-0.42377386255	-0.973058372041	0.484258583331	0.408601448719	-1.37986394503	1.17005330406	-0.441531437476
YPR161C	-1.77211329539	-0.82739706879		-0.389020620077	-0.528121800693	-0.823908740944	-0.924088238517	-1.17587416608	-0.709075440617	-0.458420756053	-1.8416375079	-0.734003629505		-0.833569886157	-1.50168944621
