	NaCl+alpha_1200	NaCl+alpha_2700	NaCl+alpha_300	NaCl+alpha_60	NaCl+alpha_600	NaCl_1200	NaCl_2700	NaCl_300	NaCl_60	NaCl_600	alpha_1200	alpha_2700	alpha_300	alpha_60	alpha_600
YBL046W						0.088702603969	0.158296400984	0.0465766110251	0.133299716792	0.0564389616142					0.168250943229
YBL056W	0.500713570216	0.307678070421	0.596881077573	0.565650993177	0.496949957218	0.425117777329	0.308275193602	0.534405215636	0.783154378726	0.417568848341	0.371653266108	0.229600051693	0.354852788912	0.186523372117	0.305047352223
YBL088C	-0.254766296527	-0.512689928865	-0.269438380947	-0.037001520914	-0.230563767419	-0.183047493547	-0.141088898564	-0.0808931575819	-6.67923922081e-05	-0.102891982983	-0.341674967985	-0.150513033029	-0.302947139157	-0.237800534012	-0.314490866056
YBR136W	-0.254766296527	-0.512689928865	-0.269438380947	-0.037001520914	-0.230563767419	-0.0943448895776	0.0172075024204	-0.0343165465568	0.1332329244	-0.0464530213684	-0.341674967985	-0.150513033029	-0.302947139157	-0.237800534012	-0.146239922827
YBR160W	-0.334427524269	-0.223703781809	-0.312841615458	-0.254731915115	0.0774431189479	-0.321676769438	-0.267319342688	-0.55892802667	-0.109968495583	-0.593643919835	-0.190240589109	-0.0492944682164	-0.317061451768	-0.178741562582	0.77381437661
YDL006W	-0.196710042229	-0.274961034168	-0.323799514159	-0.303449850027	0.030398455322	0.112879193851	-0.0647468912223	0.123671710146	-0.0847647428075	0.360456405171	-0.457300239624	-0.392868353355	-0.465374017205	-0.224784470339	-0.362452549701
YDL028C	-0.534323695566	0.0728862064825	-0.467720396213	-0.0663076839174	-0.360174599945	-0.302356262439	-0.155001941345	-0.142146214286	-0.119860650001	-0.218308953106	-0.129406827447	0.187189518169	-0.228660268718	0.0133813789711	-0.155952769811
YDL101C	0.0124469470315					0.415466703205		0.469052223267	0.239298588348	1.10780429551					
YDL159W	-0.107532901505	1.30589796993	0.525528990089		0.504106043792	-0.143783077427	-1.13346817781		-0.1632315962		1.57650214166	1.6853061535	0.855370229281		0.810449813221
YDR028C	-1.18759928354		-0.83587157402	-0.188782486279	-0.587575200887	-0.958051312706	-1.8324667248	-0.572713801596	-0.518528411915	-0.864554485301	-1.10506345981		-1.14852874403	0.236311219523	-0.558827147023
YDR075W						0.088702603969	0.158296400984	0.0465766110251	0.133299716792	0.0564389616142					0.168250943229
YDR477W	-1.2393419549		-0.244682424185	0.850602433623	0.364473899733	-1.15139994477	-0.666135824858	-0.0371283896438	0.470941681277	-0.172187372707	-0.383388289863		-0.281933104249	0.457909134713	0.614590671289
YER089C	0.500713570216	0.307678070421	0.596881077573	0.565650993177	0.496949957218	0.425117777329	0.308275193602	0.534405215636	0.783154378726	0.417568848341	0.371653266108	0.229600051693	0.354852788912	0.186523372117	0.305047352223
YER133W	-1.18759928354		-0.83587157402	-0.188782486279	-0.587575200887	-0.958051312706	-1.8324667248	-0.572713801596	-0.518528411915	-0.864554485301	-1.10506345981		-1.14852874403	0.236311219523	-0.558827147023
YFL029C	-0.725370945187	-0.161685434996	0.145282865863	-1.65404168267	-0.275848275181	-0.0826740543921	-0.0760960739068	-0.18652023943	-0.182126036983	-0.0767911203841	-0.803634620615	-0.256591880859	0.359615534214	-1.29805219414	0.0788046312211
YFL033C		-1.04378469812	0.320500723334	0.437454274449	0.599454211685	0.332183203964	-0.0906954023503	1.18646083068	1.40918105263	1.05957892845	-0.336804921943	0.0277931296107	0.595954158483	-0.805888498119	0.190497702401
YGL019W	0.0324963378175	-0.102273179821	-0.0177653691984	0.186750156335	0.045774274933	0.0598968086683	0.0602823642973	0.0676812057074	-0.0693808322509	0.0677146615392	0.184740320728	0.0801579709778	0.0238444595922	0.162810899941	0.11886641592
YGL059W	-0.328390856311	-0.314425264311	-0.0906775791865	-0.325235762208	-0.0672564530287	-0.210430157383	-0.361933180957	-0.0312507084714	-0.0732622787006	-0.124641030225	-0.342742548105	-0.146185487945	-0.159047819696	-0.310228730366	-0.0849821352909
YGL134W	0.210800825522	0.158468721536	-0.298257566586	-1.08962169068	-0.318409588252	0.433564743795	1.37338006688	-0.328459257574	-0.184660752979	0.0843592227518	-0.397433162574	-0.393227640417	-0.104302620147	-0.875604266785	-0.0830070483662
YHL007C	-0.0679540070941	-0.36107459001	-2.51713730326		-0.412696520116	-0.323854024089	-0.0615735161859	-0.42363387879	-0.267656819979	-0.389215004484	-0.107485184207	-0.148202234137	-3.25941268207		0.0729293849161
YHR135C	-0.0618302797981	0.633081136613	0.154427839648	0.401620241576	1.05330071465	1.46999267513	2.0425768548	0.277872375422	0.223465297613	0.682657357197	-0.28748864682	0.219724598437	1.01938969593	1.32201242996	1.09426174688
YIL035C	-0.266443668221	-0.086728891197	-0.355847704517	-0.0597666919338	-0.166972208808	-0.0879006485702	-0.127542086411	-0.114376456859	-0.0523624602278	-0.105460661593	-0.340416839513	-0.158051283111	-0.501498848914	-0.0655477127714	-0.288258877106
YIL042C	-0.328390856311	-0.314425264311	-0.0906775791865	-0.325235762208	-0.0672564530287	-0.210430157383	-0.361933180957	-0.0312507084714	-0.0732622787006	-0.124641030225	-0.342742548105	-0.146185487945	-0.159047819696	-0.310228730366	-0.0849821352909
YIL095W	-0.200169611762	-0.283987258594	-0.563189866802	-0.230875820485	-0.357056331934	-0.129918738546	-0.153368967392	-0.115407052108	0.428435212839	-0.226284408498	-0.261076171696	-0.149385373679	-0.598209091879	-0.357268745811	-0.316799492159
YJL128C	0.304003527987	0.0327170362528	0.273081563413	0.26220114315	0.52734841254	0.53799697118	0.243528302379	0.658076925782	0.698389635919	0.778025253512	-0.0856469735163	-0.163268301662	-0.110521228293	-0.0382610982222	-0.0574051974782
YJL141C	-0.231742231412	-0.41892379467	-0.472106027161	-0.0159337214643	-0.0926972518388	-0.124738592574	0.0524264865831	-0.0288346831486	-0.108421014253	-0.19185501392	-0.081160936467	-0.154867132209	-0.283977560055	0.236741696911	-0.0208004107538
YJL164C	-0.862937751459	-0.747708723036	0.148851662185	-1.22616721439	-0.727203370328	-0.25771887589	0.184961543172	0.10092714175	0.194621356143	-0.166209127009	-0.267475592966	-0.974747028981	-0.214218731702	-1.42321396885	0.0520432012868
YJR066W	0.0235928648215	-0.429475958822	-0.295535064124		0.804809454083	-0.756263233452	-0.479540460614	-1.1152692275	-0.968188492973	-1.3516026534	0.696526697818	-0.186223161085	0.92449444016	-0.142696341255	0.866025082776
YLR113W	0.669144097207		0.327995419395		0.342228026961	0.441100692779	0.6601711074	0.136740466461	0.0411854218527	0.463839284553	0.46162646095		0.781123085461		0.351544834058
YLR226W	-1.11909217776	-0.31156197877		-0.0822123306696	-0.204371398656	-0.36009149578	-0.425684318004	-0.609798156429	-0.359560566011	-0.185525801069	-1.23049320344	-0.311488946455		-0.331949231708	-0.927723194347
YMR001C	-0.0701793488471	0.0673984246641	0.17041649188	0.613346061503	0.221716191433	-0.311541085569	-0.980073415909	-0.476081561159	0.366236598392	-0.381436997935	-0.0284658938999	0.169782772715	0.132372955849	0.923699124501	0.380356872307
YMR104C	-0.193826569877	0.126384944043	-0.0610479849703	-0.397978198858	-0.428379504657	-0.371659728143	-0.466565184813	-0.0884326363021	-0.439609764742	-0.146887822779	0.0101514983097	0.0488306123547	-0.115196901315	-0.417074373984	0.0329625715399
YNL053W	-0.107532901505	1.30589796993	0.525528990089		0.504106043792	-0.143783077427	-1.13346817781		-0.1632315962		1.57650214166	1.6853061535	0.855370229281		0.810449813221
YNL154C	-2.83326391901	-1.59744491404		0.15860166584	-1.67163458756	0.216500287172	-0.0463613542256	0.539418085603	0.00349772493545	0.339369010929	-1.92743420701	-1.22234826468		-0.193045606909	-2.25193496464
YNL161W	-2.18394092353	0.17138388623	-2.19037232958	0.0953511666112	-2.81745962285	-3.46798745043	-2.0558447881	-3.25007130605	0.428803163085	-3.96908252477	-0.574718530679	-0.0654841493233	-0.645167111479	-0.153569471944	-0.726747323459
YNL183C		-0.246440760111	0.880224060429	0.951368688061		0.258773207469	-0.586222479633	0.991173374621	1.1752906028	0.979744582856	-0.305723067324	-0.237152340596	-0.318337510942	0.236735491802	
YNL201C						0.088702603969	0.158296400984	0.0465766110251	0.133299716792	0.0564389616142					0.168250943229
YNL289W	-0.664829194477	-0.272882118601	0.357097535062	0.237599555463	-0.130992205366	-0.61037511496	-1.72448264019	-0.0125984450702	0.291810887059	-0.385405446702	0.248989232436	0.25872289734	0.482537058543	0.351571305952	-0.0354658047931
YNL307C	-0.230649462811	-0.322855526892	-1.7339541882	-0.492848325762	-1.29426188129	-0.315958120431	-0.196944696574	-0.398780717532	-0.354514613543	-0.385534864069	-0.329057579485	-0.502243095931	-0.17594851922	-0.618534983174	-0.477596822209
YOL001W		0.0428749630091		0.956097116511	0.136862438527	-0.334543788031	-0.384171573857	0.316180741239		-0.0143550411497	0.0368054044962	-0.0515251397833		0.868674060156	-0.076991269999
YOR039W	0.0324963378175	-0.102273179821	-0.0177653691984	0.186750156335	0.045774274933	0.0598968086683	0.0602823642973	0.0676812057074	-0.0693808322509	0.0677146615392	0.184740320728	0.0801579709778	0.0238444595922	0.162810899941	0.11886641592
YOR061W	-0.266443668221	-0.086728891197	-0.355847704517	-0.0597666919338	-0.166972208808	-0.0879006485702	-0.127542086411	-0.114376456859	-0.0523624602278	-0.105460661593	-0.340416839513	-0.158051283111	-0.501498848914	-0.0655477127714	-0.288258877106
YPL031C	-0.454028368956	-0.071538434055	0.0588399684759	0.10407498129	-0.312539355091	-0.511354159195	-0.735274147158	-0.0248769614057	0.10715013408	-0.3154012651	-0.111638525642	-0.186029882861	0.378234438395	0.344641099323	-0.195464123158
YPL153C	1.15649027456	0.903014083371	1.03308872901	1.52963999498	1.26748193104	0.643866972629	1.15754369043	0.122083607999	0.451343054632	0.546075245523	0.550888917568	0.15293933072	0.647787564881	0.39668803637	0.773097385384
YPL256C	1.24541762227	1.25352120155	1.16379896072	0.420779847021	0.666946909689	1.01379800663	0.409775669954	1.04146385769	0.407259770648	1.29816100471	1.17814158759	0.992943721702	0.950306255935	0.353301483276	-0.203059281903
YPR119W	0.287585751346	0.145558627447	0.610745212133	0.641009040587	-0.572445885107	0.0930021365949	-0.420482968261	0.228699664769	-0.0505406091557	0.168224825199	0.373383429676	0.0724653593891	-1.47389886041	0.68758396601	-0.821142832228
YPR161C	-1.11909217776	-0.31156197877		-0.0822123306696	-0.204371398656	-0.36009149578	-0.425684318004	-0.609798156429	-0.359560566011	-0.185525801069	-1.23049320344	-0.311488946455		-0.331949231708	-0.927723194347
