	N_downshift_15min	N_downshift_25min	N_downshift_44min	N_downshift_5min	N_downshift_79min	N_downshift_9min	N_upshift_15min	N_upshift_25min	N_upshift_44min	N_upshift_5min	N_upshift_79min	N_upshift_9min	Rapamycin_15min	Rapamycin_25min	Rapamycin_44min	Rapamycin_5min	Rapamycin_79min	Rapamycin_9min
YAL009W																		
YAR019C																		
YBL016W																		
YBL046W																		
YBL056W																		
YBL088C	-0.445389714774	-0.545917729269	0.267445420149	-0.518844129172	-0.534022631714	-1.25258819211	-0.428524096318	-0.994819487496	-0.923723744596	0.246646787359	-0.871923987331	-0.483068191132	0.542269451754	0.672436739813	0.356646038023	0.563519304991	-0.706858516549	0.907630300371
YBL105C																		
YBR136W	-0.450996737974	-0.553152289844	0.269217724334	-0.510041520575	-0.537901618865	-1.23284413392	-0.41736856051	-0.990974257913	-0.886056647693	0.249491605149	-0.891773343625	-0.493630282904	0.537452271197	0.66274046025	0.363612414187	0.554551485734	-0.728623128106	0.920456992597
YBR160W	0.809108283078	0.606951533583	0.419303060288	0.463567824178	0.288783475679	0.283913146225	-0.718739312945	0.572676213643	0.385735712641	-0.749824051916	0.537901618865	0.50017550416	0.358525889496	0.216811308925	-0.749824051916	0.159705668389	-1.24260397121	0.763714722552
YBR274W	0.519418213171	1.25026368443		0.918292729903	-0.530767257493	0.412064651364												
YDL006W	1.08460016479	0.527243550683		0.722390785696	-1.25884840115	1.99567862622							-0.326886895762			-0.358030402298	-0.68026950567	-0.443215217693
YDL017W																		
YDL028C	-0.409715596282	0.364817951344	0.251889532505	0.313363730738	-0.314616590199	-0.537901618865	0.399462705636	0.266722466067	-0.513144644723	0.965371543375	-0.770318157682	0.529148675474	-1.15989390554	-2.0	-1.26600071346	-1.36351210365	-0.65188993152	-1.00612308506
YDL047W																		
YDL079C																		
YDL101C	0.396422631849	0.371304617286	0.432150549427	0.318939756368		0.76095090686	-0.474955192963	-0.468393368067	-0.435452288244	-0.599462010608	-0.419987887471	-0.396747338018						
YDL108W							-1.19449914184	-1.07675598137	-0.899974269892	-1.08039897622	-0.936291440609	-0.965371543375						
YDL127W																		
YDL134C																		
YDL159W																		
YDL188C																		
YDR028C																		
YDR075W																		
YDR283C																		
YDR477W																		
YDR490C																		
YDR523C																		
YER075C																		
YER089C																		
YER123W																		
YER133W																		
YFL029C	0.307064997469	0.651305809734	0.455311977697	0.549442990582	0.312025379965	0.437350327788	0.502793819296	0.294906389452	0.353008462523	0.428058364926	0.310513551636	0.380802284207	-0.481749348692	-0.967381239149	-1.11238269966	-1.09799710865	-0.842241113953	-0.38552463391
YFL033C	0.352714854975	0.904481957677		0.347656944937	0.543482142195	0.325506282704	-1.33818731446	-0.75547548843	-0.579549140894	-1.61083391564	-0.531504975493	-1.26121944152	0.864867348623	1.04624030827	0.93779419118	0.783042792639	1.0065637695	0.327532686932
YFL034C-B																		
YFR028C	0.584692707774	0.591081979153	0.393618634889	-0.550059011227	-0.328641996557													
YGL019W	0.435215615496	0.761201437286	0.473919308198	-0.387322081683	0.467627866432	-0.327440372237	0.512861624523	-0.948076083954	-0.74714696902	-0.774949303862	-0.477295007265	-0.717377887122	0.283495836227	0.708187312533	0.426896216836	0.430626090385	0.631713115098	0.292429823902
YGL059W																		
YGL134W	0.986741334716	1.59859945922	1.8894102897	0.773400094793	1.43533393575	0.621965677543							0.526805090795	0.669789215428	0.917214629684	-0.553462832926	1.1456939582	0.462180904927
YGR092W																		
YGR109C																		
YGR262C																		
YHL007C																		
YHR004C																		
YHR030C																		
YHR071W																		
YHR079C																		
YHR135C																		
YHR205W																		
YIL035C	0.427709393849	0.768530409569	0.483464626104	-0.382580253263	0.473402290897	-0.332733880618	0.525492360883	-0.940436582099	-0.763462738511	-0.769040444251	-0.478208350361	-0.716020715762	0.284916329305	0.706195640081	0.431446287951	0.426664159934	0.619246229196	0.282163132513
YIL042C																		
YIL095W	-0.43486084803	-1.36451625319	-0.684239509334	-0.409827168404	-0.466100899203	-0.593971055036	0.345149909439	-0.443456291516	0.451733454829	-0.380176499543	0.367643953761	-0.433091344773	-0.616005210558	-0.716020715762	0.19873352951	-0.875495775166	0.323855319644	-0.32102662408
YJL006C																		
YJL106W																		
YJL128C	1.08354605145	0.536107011014		0.708409174342	-1.24872089602	2.14266750357							-0.317945222926			-0.358823453387	-0.677160727314	-0.432620692349
YJL141C	0.34055921813	0.300682698979	0.304430772964	-0.740884155815	0.577574323629	-0.320572103388	-0.396098168268	-0.412289034981	-0.385208208044	0.316862868517	-0.446723953863	-0.335640125449	0.413300198376	0.47301493144	0.542723813939	-0.619969752032	0.562090964461	-0.354381261757
YJL164C	-1.77728352885	-2.0268721464	-1.81530856918	-1.09044397076	-0.983384452443	-1.70333480974	0.788345599447	0.560825260157	0.33799812061	1.07365755337	0.44563199901	0.918652692196	-1.61798295743	-1.16685288809	-0.674895017029	-0.403842919084	0.435807539374	-1.59687947882
YJL187C	0.331707289552	-0.308653235865	0.47288588836	0.488383979431	0.363311552047	-0.335734199852							0.416121401501	0.497846107129	0.924453038607	-0.503070351927	0.869023308394	0.405828520885
YJR059W																		
YJR066W	-0.436163081335		1.13194363818	1.05948351507	0.797239312607	1.22402566887	0.928486194905	0.405828520885	-0.308918507877	1.19382002602	-0.317764643097	1.2076083105	0.955852379121	0.97881070093	0.804931003531	1.17069622717	0.382999658879	
YKL048C																		
YKL101W																		
YKL139W																		
YKL190W																		
YKL203C																		
YLR113W							-0.646276062411	-0.567190994967	-0.373351731526	-0.820448208835	0.308564847856	-0.60642479673	-0.349012905617	-0.399353764338	0.492413960237	-0.739928612015	0.459170185889	
YLR210W																		
YLR226W							0.654038458187	0.336959025106	-0.316232738575	0.449771646945	0.562407967746	-0.326150022657	0.754487332186	-0.308653235865	0.316952961761	-0.315693353928	-0.493359694433	0.436044535004
YLR361C																		
YLR362W																		
YLR433C																		
YML057W																		
YMR001C	-0.769040444251	-1.13312218566	-1.80134291305	-0.751291264399	-0.621238824684	-0.613501034449	0.408156588775	0.400772137226	-0.357634419155	-1.15428198203	-0.450261268735		1.14146280243	0.440691989093	0.356744774975	0.935542010773	0.25641184984	0.242831807786
YMR104C																		
YMR139W																		
YMR216C																		
YMR277W																		
YNL025C																		
YNL032W																		
YNL053W																		
YNL154C	0.776244546343	-0.377268034835	-0.918652692196	0.666149854897	-0.975925012693	1.04527520902							-0.576099081472	-0.319392571008	-0.763462738511	0.704652851666	-0.738499226802	-0.475214550679
YNL161W	-1.19382002602	-0.832682665252	-0.557363474218		-0.749092300299	-0.92959267826	0.673254620435	0.455311977697	-0.561141340579	0.714892970433		0.764976840505		-1.09366495819	-0.66274046025		-0.59963472665	-0.801893001127
YNL183C								-0.761702932125	-0.688670047696	1.03621217265		0.572513890904	1.01278077009	-0.550830267835	0.339608901598	1.56543109597	0.543330370576	1.37263414341
YNL201C																		
YNL289W	1.06701917808	0.841637507905	0.277942228669	-0.400772137226	-0.834458923278	-0.416687848017							0.230401151613	-0.549596913845	-0.398809467385	-0.851089006891	-0.426896216836	-1.26680273489
YNL298W																		
YNL307C	0.369165482172	0.343326954115	0.367846516489	0.58219627736	0.323032185705	0.402853512166	0.447331783888	0.668572703479	0.468265690723	0.555799011136	0.502103257087	0.459545386329						
YOL001W																		
YOL045W																		
YOL100W																		
YOR014W																		
YOR039W	0.435215615496	0.776504059038	0.478338984888	-0.371508895033	0.465846925815	-0.329939782527	0.516555351901	-0.932185488838	-0.738261452647	-0.771086594005	-0.476643793345	-0.727230413448	0.281747499902	0.719194071606	0.426548177965	0.433916215832	0.642065153	0.279757981713
YOR061W	0.434388275098	0.763210900591	0.478208350361	-0.385419133003	0.469928431163	-0.327625021254	0.515842575635	-0.948461609485	-0.745693667669	-0.788345599447	-0.486649201194	-0.707965564005	0.274170009679	0.702458332182	0.433091344773	0.434270212169	0.633203616713	0.287939857539
YOR367W																		
YPL031C	1.49620931694	1.34103515734	0.663340176546	0.413862974769	0.497163361379	0.392652223232							0.372839047625	0.193345276008	0.280585840297	-1.24184537803	0.377578726024	-0.483729117271
YPL042C																		
YPL153C	-0.317403708539	1.06701917808	1.67366413907	-0.355167671174	1.83564714422	0.513994813638		-1.22257317761	-1.75945075172		-2.18045606446	-0.925549281045						
YPL204W																		
YPL209C	0.435926021023	0.325138859262	0.377682339166	-0.454445492766		-0.341130407798												
YPL256C	0.385735712641	-0.450383760481	-0.486782399932	-1.14146280243	0.505288974795	0.389978975336	-0.3704884658	0.299469343021	0.313363730738	-0.48999148706	-0.375202421039	0.289713352297	0.314975214894	-0.542875373697	-0.467882883751	-0.457921853664	-0.970616222315	0.737311655698
YPR025C							-1.16749108729	-1.11463877997	-0.901356274183	-1.08144546945	-0.943476275921	-0.980883709553						
YPR119W	0.788078915691	1.02733440773	0.779630367549	0.390298897621	0.438898616351	0.705313375721		0.44623830161	0.606951533583	-1.56224943718	0.521433504406	-0.754981129262	0.371406744149	0.522011023749	0.252199909136	-1.23210238398	0.308741641867	-0.896196279044
YPR120C																		
YPR161C							0.655018586073	0.336676066372	-0.312292720375	0.454074670644	0.555799011136	-0.34055921813	0.770574152079	-0.316772793959	0.312471038785	-0.321572677566	-0.501138311007	0.42747690215
