	YAL017W	YBL009W	YBL016W	YBL056W	YBL088C	YBR028C	YBR059C	YBR097W	YBR125C	YBR274W	YBR276C	YCR008W	YCR079W	YCR091W	YDL006W	YDL025C	YDL047W	YDL079C	YDL101C	YDL134C	YDL188C	YDL214C	YDL230W	YDR075W	YDR122W	YDR247W	YDR283C	YDR466W	YDR477W	YDR523C	YER129W	YFR014C	YGL021W	YGL059W	YGL179C	YGL180W	YGR040W	YGR123C	YGR188C	YGR203W	YGR262C	YHR030C	YHR076W	YHR082C	YHR135C	YIL035C	YIL042C	YIL095W	YIL113W	YIR026C	YJL095W	YJL106W	YJL128C	YJL164C	YJL165C	YJL187C	YJR059W	YJR066W	YKL048C	YKL101W	YKL116C	YKL126W	YKL139W	YKL161C	YKL166C	YKL168C	YKL171W	YKL198C	YLL010C	YLL019C	YLR019W	YLR096W	YLR113W	YLR240W	YLR248W	YLR362W	YLR433C	YML016C	YML057W	YMR104C	YMR139W	YMR216C	YMR291W	YNL020C	YNL032W	YNL099C	YNL154C	YNL298W	YNL307C	YNR031C	YNR032W	YOL016C	YOL045W	YOL100W	YOL113W	YOL128C	YOR061W	YOR090C	YOR208W	YOR231W	YOR233W	YOR267C	YOR351C	YPL026C	YPL031C	YPL140C	YPL141C	YPL150W	YPL179W	YPL203W	YPL236C	YPR054W	YPR073C	YPR106W	YPR111W
YAL009W	0.0	1.0	1.0	1.0	1.0	1.0	1.0	1.0	1.0	0.0	1.0	1.0	0.0	1.0	0.0	1.0	1.0	1.0	1.0	1.0	1.0	1.0	1.0	1.0	1.0	0.0	1.0	1.0	1.0	0.0	1.0	1.0	0.0	1.0	1.0	1.0	0.0	1.0	1.0	1.0	1.0	1.0	0.0	0.0	1.0	0.0	1.0	1.0	1.0	1.0	0.0	1.0	1.0	1.0	1.0	1.0	1.0	0.0	0.0	0.0	1.0	1.0	0.0	1.0	1.0	1.0	1.0	1.0	1.0	1.0	1.0	1.0	1.0	1.0	1.0	1.0	0.0	1.0	0.0	1.0	1.0	1.0	1.0	1.0	1.0	1.0	1.0	1.0	1.0	1.0	0.0	1.0	0.0	1.0	1.0	0.0	1.0	0.0	1.0	1.0	1.0	1.0	1.0	0.0	1.0	1.0	1.0	1.0	1.0	1.0	1.0	1.0	0.0	1.0	0.0
YBL056W	0.0	0.0	0.0	0.0	0.0	0.0	0.0	0.0	0.0	0.0	0.0	0.0	0.0	0.0	0.0	0.0	0.0	0.0	0.0	0.0	0.0	1.0	0.0	0.0	0.0	0.0	0.0	0.0	0.0	0.0	0.0	1.0	0.0	0.0	0.0	0.0	0.0	0.0	1.0	0.0	0.0	0.0	0.0	0.0	0.0	0.0	0.0	0.0	0.0	0.0	0.0	0.0	0.0	0.0	0.0	0.0	0.0	0.0	0.0	0.0	0.0	0.0	0.0	0.0	1.0	0.0	0.0	0.0	0.0	0.0	0.0	0.0	0.0	0.0	0.0	0.0	0.0	0.0	0.0	0.0	0.0	1.0	1.0	0.0	0.0	0.0	0.0	1.0	0.0	0.0	0.0	0.0	0.0	0.0	0.0	0.0	0.0	0.0	0.0	0.0	0.0	0.0	0.0	0.0	0.0	0.0	0.0	0.0	0.0	0.0	0.0	0.0	0.0	0.0	0.0
YBL088C	2.0	0.0	0.0	2.0	1.0	1.0	0.0	2.0	2.0	2.0	2.0	4.0	3.0	2.0	5.0	3.0	1.0	1.0	3.0	3.0	1.0	2.0	4.0	1.0	3.0	0.0	0.0	3.0	6.0	4.0	1.0	2.0	2.0	4.0	2.0	2.0	3.0	1.0	2.0	3.0	4.0	0.0	1.0	1.0	2.0	3.0	2.0	0.0	1.0	3.0	0.0	2.0	3.0	0.0	2.0	3.0	7.0	1.0	3.0	1.0	1.0	1.0	0.0	2.0	3.0	3.0	4.0	3.0	3.0	2.0	5.0	1.0	2.0	2.0	3.0	1.0	4.0	0.0	1.0	2.0	3.0	1.0	4.0	3.0	6.0	3.0	0.0	1.0	2.0	3.0	5.0	2.0	4.0	5.0	2.0	1.0	2.0	2.0	5.0	5.0	1.0	1.0	1.0	2.0	1.0	4.0	2.0	3.0	0.0	0.0	1.0	1.0	3.0	0.0	3.0
YBR136W	2.0	0.0	0.0	2.0	1.0	1.0	0.0	2.0	2.0	2.0	2.0	4.0	3.0	2.0	5.0	3.0	1.0	1.0	3.0	3.0	1.0	2.0	4.0	1.0	3.0	0.0	0.0	3.0	6.0	4.0	1.0	2.0	2.0	4.0	2.0	2.0	3.0	1.0	2.0	3.0	4.0	0.0	1.0	1.0	2.0	3.0	2.0	0.0	1.0	3.0	0.0	2.0	3.0	0.0	2.0	3.0	7.0	1.0	3.0	1.0	1.0	1.0	0.0	2.0	3.0	3.0	4.0	3.0	3.0	2.0	5.0	1.0	2.0	2.0	3.0	1.0	4.0	0.0	1.0	2.0	3.0	1.0	4.0	3.0	6.0	3.0	0.0	1.0	2.0	3.0	5.0	2.0	4.0	5.0	2.0	1.0	2.0	2.0	5.0	5.0	1.0	1.0	1.0	2.0	1.0	4.0	2.0	3.0	0.0	0.0	1.0	1.0	3.0	0.0	3.0
YBR160W	53.0	49.0	51.0	86.0	87.0	51.0	44.0	63.0	70.0	62.0	32.0	56.0	42.0	79.0	73.0	59.0	39.0	69.0	68.0	52.0	48.0	34.0	34.0	51.0	47.0	53.0	59.0	57.0	61.0	56.0	41.0	63.0	20.0	55.0	68.0	80.0	47.0	54.0	54.0	46.0	64.0	52.0	38.0	24.0	18.0	45.0	62.0	46.0	50.0	60.0	24.0	69.0	83.0	46.0	52.0	71.0	36.0	68.0	79.0	65.0	61.0	57.0	44.0	64.0	56.0	64.0	45.0	55.0	52.0	65.0	69.0	49.0	65.0	67.0	72.0	43.0	50.0	32.0	51.0	47.0	50.0	42.0	55.0	47.0	70.0	45.0	44.0	45.0	66.0	48.0	35.0	64.0	40.0	62.0	59.0	38.0	52.0	63.0	62.0	67.0	49.0	52.0	54.0	50.0	72.0	80.0	79.0	26.0	51.0	54.0	68.0	25.0	53.0	49.0	41.0
YBR274W	0.0	0.0	0.0	0.0	0.0	0.0	1.0	0.0	0.0	0.0	0.0	1.0	0.0	0.0	1.0	0.0	0.0	0.0	0.0	0.0	1.0	0.0	0.0	1.0	0.0	0.0	0.0	1.0	0.0	1.0	0.0	1.0	0.0	0.0	0.0	1.0	1.0	0.0	1.0	0.0	1.0	0.0	0.0	0.0	0.0	0.0	0.0	1.0	0.0	0.0	0.0	0.0	1.0	1.0	0.0	1.0	0.0	1.0	0.0	1.0	0.0	0.0	0.0	0.0	0.0	1.0	0.0	0.0	1.0	0.0	1.0	0.0	1.0	0.0	0.0	0.0	0.0	0.0	0.0	0.0	1.0	1.0	0.0	0.0	0.0	0.0	0.0	0.0	0.0	0.0	0.0	1.0	1.0	0.0	0.0	0.0	0.0	1.0	0.0	0.0	1.0	1.0	0.0	0.0	0.0	1.0	1.0	0.0	1.0	0.0	1.0	0.0	0.0	0.0	0.0
YDL006W	0.0	0.0	0.0	1.0	1.0	0.0	0.0	0.0	1.0	0.0	0.0	0.0	0.0	1.0	0.0	0.0	0.0	0.0	0.0	1.0	1.0	0.0	0.0	0.0	0.0	0.0	1.0	0.0	1.0	0.0	0.0	0.0	0.0	0.0	1.0	1.0	0.0	0.0	0.0	0.0	1.0	0.0	0.0	0.0	0.0	0.0	1.0	0.0	1.0	0.0	0.0	1.0	0.0	0.0	0.0	1.0	0.0	0.0	0.0	0.0	0.0	1.0	0.0	1.0	0.0	0.0	0.0	1.0	1.0	0.0	1.0	1.0	0.0	0.0	1.0	0.0	1.0	0.0	0.0	0.0	1.0	0.0	0.0	0.0	1.0	0.0	0.0	0.0	0.0	0.0	0.0	0.0	0.0	1.0	0.0	0.0	1.0	0.0	1.0	0.0	0.0	0.0	1.0	0.0	1.0	1.0	0.0	0.0	0.0	0.0	1.0	0.0	0.0	0.0	0.0
YDL028C	2.0	2.0	2.0	2.0	3.0	1.0	2.0	3.0	3.0	2.0	2.0	1.0	2.0	3.0	2.0	2.0	0.0	3.0	4.0	1.0	2.0	2.0	3.0	2.0	2.0	1.0	3.0	2.0	0.0	2.0	3.0	2.0	1.0	1.0	1.0	3.0	1.0	2.0	2.0	3.0	2.0	1.0	2.0	1.0	1.0	0.0	2.0	3.0	4.0	1.0	1.0	3.0	1.0	2.0	2.0	1.0	2.0	3.0	2.0	3.0	4.0	3.0	2.0	1.0	2.0	2.0	2.0	1.0	1.0	2.0	1.0	3.0	0.0	3.0	2.0	2.0	1.0	2.0	1.0	1.0	2.0	2.0	3.0	1.0	1.0	3.0	2.0	2.0	3.0	2.0	2.0	1.0	3.0	2.0	0.0	0.0	1.0	2.0	2.0	1.0	3.0	2.0	3.0	2.0	4.0	2.0	1.0	1.0	2.0	1.0	2.0	2.0	1.0	2.0	1.0
YDL101C	0.0	0.0	1.0	1.0	1.0	0.0	1.0	0.0	1.0	0.0	0.0	0.0	0.0	1.0	0.0	1.0	0.0	0.0	0.0	0.0	0.0	0.0	0.0	0.0	0.0	0.0	1.0	1.0	1.0	0.0	1.0	0.0	0.0	0.0	0.0	1.0	1.0	1.0	1.0	0.0	1.0	0.0	0.0	0.0	0.0	1.0	0.0	0.0	0.0	0.0	0.0	1.0	0.0	0.0	0.0	0.0	0.0	1.0	0.0	1.0	1.0	1.0	1.0	0.0	0.0	1.0	0.0	0.0	0.0	0.0	1.0	0.0	1.0	0.0	0.0	1.0	0.0	0.0	0.0	0.0	0.0	0.0	0.0	0.0	1.0	0.0	1.0	0.0	0.0	0.0	0.0	1.0	1.0	0.0	1.0	1.0	0.0	1.0	0.0	1.0	1.0	1.0	1.0	0.0	1.0	1.0	1.0	0.0	0.0	1.0	1.0	0.0	1.0	0.0	0.0
YDR028C	0.0	0.0	0.0	0.0	0.0	0.0	0.0	0.0	0.0	0.0	0.0	0.0	0.0	0.0	0.0	0.0	0.0	1.0	0.0	0.0	0.0	0.0	0.0	1.0	0.0	0.0	0.0	0.0	0.0	0.0	0.0	0.0	0.0	0.0	0.0	0.0	0.0	0.0	0.0	0.0	0.0	0.0	0.0	0.0	0.0	0.0	0.0	0.0	0.0	0.0	0.0	0.0	0.0	0.0	0.0	0.0	0.0	0.0	0.0	0.0	0.0	0.0	0.0	0.0	0.0	0.0	0.0	0.0	0.0	0.0	0.0	0.0	0.0	1.0	0.0	0.0	0.0	0.0	0.0	0.0	0.0	0.0	0.0	0.0	0.0	0.0	0.0	0.0	1.0	0.0	0.0	0.0	0.0	0.0	0.0	0.0	0.0	0.0	0.0	0.0	0.0	0.0	0.0	0.0	0.0	0.0	0.0	0.0	0.0	1.0	0.0	0.0	0.0	0.0	0.0
YDR477W	1.0	1.0	1.0	0.0	0.0	1.0	0.0	1.0	0.0	1.0	0.0	1.0	1.0	0.0	1.0	0.0	1.0	1.0	1.0	1.0	0.0	0.0	0.0	0.0	1.0	1.0	1.0	1.0	0.0	0.0	1.0	1.0	1.0	1.0	0.0	0.0	0.0	0.0	1.0	0.0	0.0	1.0	0.0	0.0	0.0	1.0	0.0	1.0	1.0	0.0	1.0	0.0	1.0	0.0	0.0	1.0	1.0	1.0	0.0	0.0	1.0	1.0	0.0	0.0	1.0	0.0	0.0	0.0	0.0	0.0	0.0	0.0	1.0	1.0	1.0	0.0	1.0	0.0	0.0	1.0	0.0	0.0	1.0	0.0	1.0	1.0	1.0	1.0	1.0	0.0	0.0	1.0	0.0	0.0	1.0	0.0	0.0	0.0	0.0	1.0	1.0	0.0	1.0	1.0	0.0	0.0	0.0	0.0	1.0	0.0	0.0	1.0	1.0	0.0	1.0
YER089C	0.0	0.0	0.0	0.0	0.0	0.0	0.0	0.0	0.0	0.0	0.0	0.0	0.0	0.0	0.0	0.0	0.0	0.0	0.0	0.0	0.0	1.0	0.0	0.0	0.0	0.0	0.0	0.0	0.0	0.0	0.0	1.0	0.0	0.0	0.0	0.0	0.0	0.0	1.0	0.0	0.0	0.0	0.0	0.0	0.0	0.0	0.0	0.0	0.0	0.0	0.0	0.0	0.0	0.0	0.0	0.0	0.0	0.0	0.0	0.0	0.0	0.0	0.0	0.0	1.0	0.0	0.0	0.0	0.0	0.0	0.0	0.0	0.0	0.0	0.0	0.0	0.0	0.0	0.0	0.0	0.0	1.0	1.0	0.0	0.0	0.0	0.0	1.0	0.0	0.0	0.0	0.0	0.0	0.0	0.0	0.0	0.0	0.0	0.0	0.0	0.0	0.0	0.0	0.0	0.0	0.0	0.0	0.0	0.0	0.0	0.0	0.0	0.0	0.0	0.0
YER133W	0.0	0.0	0.0	0.0	0.0	0.0	0.0	0.0	0.0	0.0	0.0	0.0	0.0	0.0	0.0	0.0	0.0	1.0	0.0	0.0	0.0	0.0	0.0	1.0	0.0	0.0	0.0	0.0	0.0	0.0	0.0	0.0	0.0	0.0	0.0	0.0	0.0	0.0	0.0	0.0	0.0	0.0	0.0	0.0	0.0	0.0	0.0	0.0	0.0	0.0	0.0	0.0	0.0	0.0	0.0	0.0	0.0	0.0	0.0	0.0	0.0	0.0	0.0	0.0	0.0	0.0	0.0	0.0	0.0	0.0	0.0	0.0	0.0	1.0	0.0	0.0	0.0	0.0	0.0	0.0	0.0	0.0	0.0	0.0	0.0	0.0	0.0	0.0	1.0	0.0	0.0	0.0	0.0	0.0	0.0	0.0	0.0	0.0	0.0	0.0	0.0	0.0	0.0	0.0	0.0	0.0	0.0	0.0	0.0	1.0	0.0	0.0	0.0	0.0	0.0
YFL033C	1.0	1.0	1.0	1.0	1.0	1.0	1.0	1.0	1.0	1.0	1.0	1.0	0.0	1.0	1.0	1.0	1.0	1.0	1.0	1.0	1.0	1.0	1.0	1.0	1.0	1.0	1.0	1.0	0.0	1.0	1.0	1.0	0.0	0.0	0.0	1.0	0.0	1.0	1.0	1.0	1.0	1.0	1.0	0.0	0.0	1.0	1.0	1.0	1.0	1.0	0.0	1.0	1.0	1.0	1.0	1.0	0.0	1.0	1.0	1.0	1.0	1.0	1.0	1.0	1.0	1.0	0.0	1.0	0.0	1.0	1.0	1.0	1.0	1.0	1.0	1.0	1.0	1.0	1.0	1.0	1.0	1.0	1.0	1.0	1.0	1.0	1.0	1.0	1.0	1.0	1.0	1.0	1.0	1.0	1.0	1.0	1.0	1.0	1.0	1.0	1.0	1.0	1.0	1.0	1.0	1.0	1.0	1.0	1.0	1.0	1.0	0.0	1.0	1.0	1.0
YFR028C	0.0	0.0	0.0	0.0	0.0	0.0	0.0	0.0	0.0	0.0	0.0	0.0	0.0	0.0	1.0	0.0	0.0	1.0	0.0	1.0	0.0	0.0	0.0	0.0	0.0	0.0	0.0	0.0	0.0	0.0	0.0	0.0	0.0	0.0	0.0	0.0	0.0	0.0	0.0	0.0	0.0	1.0	1.0	0.0	0.0	0.0	0.0	1.0	0.0	0.0	0.0	0.0	0.0	0.0	0.0	0.0	0.0	0.0	1.0	0.0	0.0	0.0	0.0	0.0	0.0	0.0	0.0	0.0	1.0	0.0	0.0	0.0	0.0	0.0	1.0	0.0	0.0	0.0	0.0	0.0	0.0	0.0	0.0	0.0	0.0	0.0	0.0	0.0	1.0	0.0	0.0	0.0	0.0	0.0	0.0	0.0	0.0	0.0	0.0	0.0	0.0	0.0	0.0	0.0	1.0	0.0	0.0	0.0	0.0	0.0	0.0	0.0	0.0	0.0	0.0
YGL019W	0.0	0.0	1.0	3.0	3.0	0.0	2.0	3.0	3.0	2.0	1.0	1.0	1.0	3.0	2.0	2.0	1.0	2.0	3.0	2.0	0.0	1.0	0.0	0.0	2.0	1.0	1.0	1.0	2.0	1.0	2.0	1.0	2.0	1.0	1.0	3.0	1.0	1.0	1.0	1.0	1.0	0.0	1.0	1.0	0.0	2.0	0.0	0.0	0.0	1.0	0.0	2.0	2.0	0.0	2.0	3.0	1.0	2.0	2.0	2.0	1.0	1.0	1.0	1.0	2.0	1.0	1.0	1.0	1.0	0.0	2.0	0.0	2.0	1.0	3.0	2.0	0.0	2.0	0.0	2.0	1.0	1.0	3.0	1.0	1.0	3.0	0.0	0.0	2.0	1.0	0.0	2.0	1.0	1.0	2.0	0.0	1.0	2.0	1.0	1.0	0.0	2.0	1.0	1.0	1.0	3.0	3.0	0.0	0.0	0.0	2.0	0.0	2.0	0.0	0.0
YGL059W	1.0	1.0	1.0	1.0	1.0	1.0	1.0	1.0	1.0	1.0	1.0	1.0	1.0	1.0	0.0	1.0	1.0	1.0	1.0	0.0	0.0	1.0	1.0	1.0	0.0	1.0	1.0	1.0	1.0	1.0	1.0	1.0	0.0	0.0	1.0	1.0	1.0	1.0	1.0	1.0	1.0	1.0	1.0	1.0	1.0	0.0	1.0	1.0	1.0	1.0	1.0	1.0	1.0	1.0	1.0	1.0	1.0	1.0	0.0	1.0	1.0	1.0	1.0	1.0	1.0	1.0	1.0	0.0	0.0	1.0	1.0	1.0	1.0	1.0	0.0	0.0	1.0	1.0	1.0	1.0	1.0	1.0	1.0	0.0	1.0	1.0	1.0	0.0	1.0	1.0	1.0	0.0	1.0	1.0	1.0	1.0	1.0	1.0	1.0	1.0	1.0	1.0	1.0	1.0	1.0	0.0	1.0	0.0	1.0	1.0	1.0	0.0	0.0	1.0	1.0
YGL134W	1.0	0.0	1.0	1.0	1.0	1.0	1.0	1.0	1.0	1.0	1.0	1.0	1.0	1.0	1.0	1.0	1.0	1.0	1.0	1.0	1.0	0.0	1.0	1.0	1.0	1.0	1.0	1.0	1.0	1.0	1.0	1.0	0.0	1.0	1.0	1.0	1.0	1.0	1.0	0.0	1.0	0.0	1.0	1.0	0.0	1.0	1.0	1.0	1.0	1.0	1.0	1.0	1.0	1.0	1.0	1.0	1.0	1.0	1.0	1.0	1.0	1.0	1.0	1.0	1.0	1.0	1.0	1.0	1.0	1.0	1.0	1.0	1.0	1.0	1.0	1.0	1.0	1.0	1.0	1.0	1.0	1.0	1.0	1.0	1.0	1.0	1.0	1.0	1.0	1.0	0.0	1.0	1.0	1.0	1.0	1.0	1.0	1.0	1.0	1.0	1.0	1.0	1.0	1.0	1.0	1.0	1.0	1.0	1.0	1.0	1.0	1.0	1.0	1.0	1.0
YHL007C	0.0	0.0	0.0	0.0	0.0	0.0	0.0	0.0	0.0	0.0	1.0	0.0	0.0	0.0	0.0	0.0	1.0	0.0	0.0	0.0	0.0	0.0	0.0	0.0	0.0	0.0	0.0	0.0	1.0	0.0	0.0	0.0	1.0	0.0	0.0	0.0	0.0	0.0	0.0	0.0	0.0	0.0	0.0	0.0	0.0	0.0	0.0	0.0	0.0	0.0	0.0	0.0	0.0	0.0	0.0	0.0	1.0	0.0	0.0	0.0	0.0	0.0	0.0	0.0	1.0	0.0	0.0	0.0	0.0	0.0	0.0	0.0	1.0	0.0	0.0	0.0	0.0	0.0	0.0	0.0	0.0	0.0	0.0	1.0	1.0	0.0	0.0	0.0	0.0	0.0	0.0	1.0	0.0	0.0	0.0	0.0	0.0	0.0	0.0	0.0	0.0	0.0	0.0	0.0	0.0	0.0	0.0	0.0	0.0	0.0	0.0	0.0	0.0	0.0	0.0
YHR004C	0.0	1.0	1.0	1.0	1.0	1.0	1.0	1.0	1.0	0.0	1.0	1.0	0.0	1.0	0.0	1.0	1.0	1.0	1.0	1.0	1.0	1.0	1.0	1.0	1.0	0.0	1.0	1.0	1.0	0.0	1.0	1.0	0.0	1.0	1.0	1.0	0.0	1.0	1.0	1.0	1.0	1.0	0.0	0.0	1.0	0.0	1.0	1.0	1.0	1.0	0.0	1.0	1.0	1.0	1.0	1.0	1.0	0.0	0.0	0.0	1.0	1.0	0.0	1.0	1.0	1.0	1.0	1.0	1.0	1.0	1.0	1.0	1.0	1.0	1.0	1.0	0.0	1.0	0.0	1.0	1.0	1.0	1.0	1.0	1.0	1.0	1.0	1.0	1.0	1.0	0.0	1.0	0.0	1.0	1.0	0.0	1.0	0.0	1.0	1.0	1.0	1.0	1.0	0.0	1.0	1.0	1.0	1.0	1.0	1.0	1.0	1.0	0.0	1.0	0.0
YIL035C	0.0	0.0	1.0	4.0	3.0	0.0	2.0	3.0	3.0	2.0	1.0	1.0	1.0	4.0	2.0	2.0	1.0	2.0	3.0	2.0	0.0	1.0	0.0	0.0	2.0	1.0	1.0	2.0	3.0	1.0	2.0	1.0	2.0	1.0	1.0	4.0	1.0	1.0	1.0	1.0	1.0	0.0	1.0	1.0	0.0	2.0	0.0	0.0	0.0	1.0	0.0	2.0	3.0	0.0	2.0	3.0	1.0	2.0	2.0	2.0	1.0	1.0	1.0	1.0	2.0	1.0	1.0	1.0	1.0	0.0	2.0	0.0	2.0	1.0	3.0	2.0	0.0	2.0	0.0	2.0	1.0	1.0	3.0	1.0	1.0	3.0	0.0	0.0	2.0	1.0	0.0	2.0	1.0	1.0	2.0	0.0	1.0	2.0	1.0	2.0	0.0	2.0	1.0	1.0	1.0	3.0	4.0	0.0	0.0	0.0	2.0	0.0	2.0	0.0	0.0
YIL042C	1.0	1.0	1.0	1.0	1.0	1.0	1.0	1.0	1.0	1.0	1.0	1.0	1.0	1.0	0.0	1.0	1.0	1.0	1.0	0.0	0.0	1.0	1.0	1.0	0.0	1.0	1.0	1.0	1.0	1.0	1.0	1.0	0.0	0.0	1.0	1.0	1.0	1.0	1.0	1.0	1.0	1.0	1.0	1.0	1.0	0.0	1.0	1.0	1.0	1.0	1.0	1.0	1.0	1.0	1.0	1.0	1.0	1.0	0.0	1.0	1.0	1.0	1.0	1.0	1.0	1.0	1.0	0.0	0.0	1.0	1.0	1.0	1.0	1.0	0.0	0.0	1.0	1.0	1.0	1.0	1.0	1.0	1.0	0.0	1.0	1.0	1.0	0.0	1.0	1.0	1.0	0.0	1.0	1.0	1.0	1.0	1.0	1.0	1.0	1.0	1.0	1.0	1.0	1.0	1.0	0.0	1.0	0.0	1.0	1.0	1.0	0.0	0.0	1.0	1.0
YIL095W	0.0	0.0	0.0	1.0	1.0	0.0	0.0	1.0	1.0	0.0	0.0	0.0	0.0	1.0	1.0	0.0	1.0	1.0	1.0	0.0	0.0	0.0	0.0	0.0	0.0	1.0	0.0	0.0	0.0	0.0	0.0	0.0	0.0	0.0	0.0	1.0	0.0	0.0	0.0	0.0	0.0	0.0	0.0	0.0	0.0	0.0	0.0	0.0	0.0	0.0	0.0	0.0	1.0	0.0	0.0	1.0	0.0	0.0	1.0	0.0	0.0	0.0	0.0	0.0	0.0	0.0	0.0	0.0	0.0	0.0	0.0	0.0	0.0	1.0	1.0	0.0	0.0	0.0	0.0	0.0	0.0	0.0	0.0	0.0	0.0	0.0	0.0	0.0	1.0	0.0	0.0	0.0	0.0	0.0	0.0	0.0	0.0	0.0	0.0	0.0	0.0	0.0	0.0	0.0	0.0	1.0	1.0	0.0	0.0	0.0	0.0	0.0	0.0	0.0	0.0
YJL128C	0.0	0.0	0.0	1.0	1.0	0.0	0.0	0.0	1.0	0.0	0.0	0.0	0.0	1.0	0.0	0.0	0.0	0.0	0.0	1.0	1.0	1.0	0.0	0.0	0.0	0.0	1.0	0.0	1.0	0.0	0.0	1.0	0.0	0.0	1.0	1.0	0.0	0.0	1.0	0.0	1.0	0.0	0.0	0.0	0.0	0.0	1.0	0.0	1.0	0.0	0.0	1.0	0.0	0.0	0.0	1.0	0.0	0.0	0.0	0.0	0.0	1.0	0.0	1.0	1.0	0.0	0.0	1.0	1.0	0.0	1.0	1.0	0.0	0.0	1.0	0.0	1.0	0.0	0.0	0.0	1.0	1.0	1.0	0.0	1.0	0.0	0.0	1.0	0.0	0.0	0.0	0.0	0.0	1.0	0.0	0.0	1.0	0.0	1.0	0.0	0.0	0.0	1.0	0.0	1.0	1.0	0.0	0.0	0.0	0.0	1.0	0.0	0.0	0.0	0.0
YJL164C	2.0	1.0	1.0	3.0	3.0	0.0	1.0	1.0	3.0	3.0	2.0	2.0	0.0	3.0	1.0	3.0	3.0	2.0	1.0	1.0	0.0	0.0	1.0	1.0	2.0	1.0	2.0	0.0	3.0	4.0	2.0	0.0	1.0	2.0	2.0	3.0	1.0	1.0	0.0	1.0	2.0	1.0	3.0	0.0	1.0	1.0	1.0	1.0	1.0	3.0	1.0	2.0	3.0	0.0	3.0	2.0	2.0	3.0	3.0	2.0	2.0	1.0	2.0	2.0	2.0	2.0	1.0	1.0	1.0	3.0	1.0	2.0	3.0	2.0	2.0	3.0	2.0	2.0	3.0	0.0	2.0	1.0	1.0	1.0	4.0	1.0	2.0	0.0	1.0	0.0	1.0	3.0	1.0	2.0	2.0	2.0	3.0	3.0	2.0	3.0	2.0	2.0	1.0	0.0	1.0	3.0	3.0	1.0	1.0	1.0	2.0	0.0	3.0	0.0	1.0
YJL187C	0.0	0.0	0.0	1.0	1.0	0.0	0.0	1.0	1.0	1.0	0.0	0.0	0.0	1.0	1.0	0.0	0.0	1.0	1.0	1.0	0.0	0.0	0.0	0.0	0.0	1.0	1.0	0.0	1.0	1.0	0.0	0.0	0.0	0.0	0.0	1.0	0.0	0.0	1.0	0.0	0.0	1.0	1.0	0.0	0.0	0.0	0.0	1.0	1.0	0.0	0.0	1.0	1.0	0.0	0.0	0.0	0.0	0.0	1.0	0.0	1.0	1.0	0.0	0.0	0.0	0.0	0.0	0.0	1.0	0.0	0.0	1.0	1.0	1.0	0.0	1.0	0.0	0.0	0.0	1.0	0.0	0.0	0.0	0.0	1.0	0.0	0.0	0.0	1.0	1.0	0.0	0.0	0.0	1.0	0.0	0.0	1.0	0.0	1.0	1.0	0.0	0.0	1.0	0.0	1.0	1.0	1.0	0.0	0.0	1.0	1.0	0.0	1.0	0.0	0.0
YJR066W	0.0	0.0	0.0	0.0	1.0	0.0	0.0	0.0	1.0	0.0	0.0	0.0	0.0	1.0	1.0	0.0	0.0	0.0	0.0	0.0	0.0	0.0	0.0	0.0	0.0	0.0	0.0	0.0	0.0	0.0	0.0	0.0	0.0	0.0	0.0	0.0	1.0	0.0	0.0	0.0	0.0	0.0	0.0	0.0	0.0	0.0	0.0	0.0	0.0	0.0	0.0	1.0	0.0	0.0	0.0	0.0	0.0	0.0	1.0	0.0	0.0	0.0	0.0	0.0	0.0	0.0	0.0	0.0	0.0	0.0	0.0	0.0	0.0	0.0	1.0	0.0	0.0	0.0	0.0	0.0	0.0	0.0	0.0	0.0	0.0	0.0	0.0	0.0	0.0	0.0	0.0	0.0	1.0	0.0	1.0	0.0	0.0	0.0	0.0	0.0	0.0	0.0	0.0	0.0	0.0	0.0	0.0	0.0	0.0	0.0	0.0	0.0	0.0	0.0	0.0
YKL048C	1.0	0.0	1.0	1.0	1.0	0.0	0.0	0.0	1.0	0.0	1.0	0.0	1.0	1.0	1.0	1.0	0.0	0.0	0.0	1.0	0.0	0.0	0.0	0.0	1.0	0.0	0.0	1.0	1.0	0.0	0.0	0.0	0.0	0.0	1.0	1.0	1.0	0.0	0.0	0.0	0.0	0.0	0.0	0.0	0.0	1.0	1.0	0.0	0.0	1.0	0.0	1.0	0.0	0.0	0.0	0.0	1.0	0.0	1.0	0.0	0.0	0.0	0.0	1.0	0.0	0.0	0.0	0.0	0.0	0.0	0.0	0.0	0.0	0.0	1.0	0.0	0.0	0.0	0.0	0.0	0.0	0.0	0.0	1.0	1.0	0.0	0.0	0.0	0.0	0.0	0.0	0.0	1.0	0.0	0.0	0.0	1.0	0.0	0.0	1.0	0.0	0.0	0.0	1.0	0.0	1.0	0.0	0.0	0.0	0.0	0.0	0.0	0.0	0.0	1.0
YLR113W	0.0	0.0	0.0	0.0	1.0	0.0	0.0	0.0	0.0	1.0	0.0	0.0	0.0	1.0	0.0	0.0	0.0	1.0	0.0	0.0	0.0	0.0	0.0	0.0	0.0	0.0	0.0	0.0	0.0	0.0	0.0	0.0	0.0	0.0	0.0	0.0	0.0	0.0	0.0	0.0	1.0	0.0	0.0	0.0	0.0	0.0	0.0	0.0	0.0	0.0	0.0	0.0	1.0	0.0	0.0	1.0	0.0	0.0	0.0	1.0	0.0	0.0	0.0	0.0	0.0	1.0	0.0	0.0	0.0	0.0	1.0	0.0	0.0	0.0	0.0	0.0	0.0	0.0	0.0	0.0	0.0	0.0	0.0	0.0	0.0	0.0	0.0	0.0	0.0	0.0	0.0	0.0	0.0	0.0	0.0	0.0	0.0	1.0	0.0	0.0	0.0	0.0	0.0	0.0	0.0	0.0	1.0	0.0	0.0	0.0	1.0	0.0	0.0	0.0	0.0
YMR001C	1.0	2.0	1.0	1.0	1.0	2.0	1.0	1.0	1.0	2.0	0.0	2.0	2.0	1.0	1.0	2.0	1.0	1.0	1.0	2.0	2.0	2.0	1.0	1.0	2.0	0.0	1.0	1.0	1.0	2.0	1.0	2.0	1.0	2.0	1.0	1.0	0.0	0.0	2.0	3.0	1.0	2.0	1.0	1.0	0.0	2.0	1.0	2.0	2.0	1.0	0.0	1.0	1.0	1.0	1.0	1.0	1.0	3.0	1.0	3.0	1.0	1.0	0.0	1.0	2.0	3.0	2.0	2.0	1.0	1.0	3.0	2.0	2.0	1.0	1.0	2.0	1.0	1.0	1.0	2.0	3.0	3.0	1.0	2.0	3.0	3.0	2.0	2.0	1.0	1.0	1.0	1.0	2.0	2.0	2.0	1.0	1.0	1.0	2.0	2.0	1.0	2.0	3.0	1.0	2.0	1.0	1.0	1.0	2.0	1.0	1.0	1.0	3.0	1.0	1.0
YMR104C	1.0	0.0	1.0	1.0	0.0	0.0	0.0	0.0	1.0	0.0	0.0	1.0	1.0	1.0	0.0	1.0	0.0	0.0	0.0	0.0	0.0	1.0	0.0	0.0	0.0	0.0	1.0	1.0	0.0	0.0	0.0	0.0	0.0	1.0	0.0	0.0	0.0	0.0	0.0	0.0	1.0	0.0	0.0	0.0	0.0	1.0	0.0	0.0	1.0	1.0	0.0	0.0	0.0	0.0	0.0	0.0	0.0	0.0	0.0	0.0	1.0	0.0	1.0	0.0	1.0	0.0	0.0	0.0	1.0	0.0	1.0	0.0	0.0	0.0	0.0	0.0	0.0	0.0	0.0	0.0	0.0	1.0	0.0	0.0	0.0	1.0	0.0	0.0	0.0	1.0	0.0	0.0	0.0	0.0	0.0	0.0	1.0	0.0	0.0	0.0	0.0	0.0	1.0	0.0	0.0	0.0	0.0	0.0	0.0	0.0	0.0	0.0	0.0	0.0	0.0
YNL032W	1.0	0.0	0.0	0.0	0.0	0.0	0.0	1.0	0.0	0.0	0.0	0.0	0.0	0.0	1.0	1.0	0.0	1.0	1.0	0.0	0.0	0.0	0.0	0.0	0.0	0.0	0.0	0.0	0.0	0.0	0.0	0.0	0.0	0.0	1.0	0.0	0.0	0.0	1.0	0.0	0.0	0.0	0.0	1.0	0.0	0.0	0.0	0.0	0.0	0.0	0.0	0.0	0.0	0.0	0.0	1.0	0.0	0.0	0.0	0.0	0.0	0.0	0.0	1.0	1.0	0.0	0.0	0.0	0.0	1.0	0.0	1.0	0.0	1.0	1.0	0.0	0.0	0.0	1.0	0.0	0.0	0.0	0.0	0.0	0.0	0.0	0.0	0.0	1.0	0.0	0.0	0.0	0.0	0.0	0.0	1.0	0.0	0.0	0.0	0.0	0.0	0.0	0.0	1.0	0.0	1.0	1.0	0.0	0.0	0.0	0.0	0.0	0.0	0.0	0.0
YNL161W	1.0	0.0	1.0	3.0	3.0	0.0	1.0	1.0	3.0	0.0	1.0	0.0	1.0	2.0	2.0	0.0	0.0	1.0	2.0	0.0	0.0	0.0	0.0	0.0	0.0	1.0	1.0	0.0	0.0	0.0	0.0	0.0	0.0	0.0	1.0	2.0	0.0	0.0	0.0	0.0	0.0	0.0	0.0	0.0	0.0	0.0	1.0	0.0	0.0	1.0	0.0	2.0	1.0	0.0	0.0	2.0	0.0	0.0	2.0	0.0	1.0	0.0	0.0	1.0	0.0	0.0	0.0	0.0	0.0	1.0	0.0	0.0	0.0	1.0	2.0	0.0	0.0	0.0	1.0	0.0	0.0	0.0	0.0	1.0	0.0	1.0	0.0	0.0	2.0	0.0	0.0	0.0	0.0	0.0	0.0	0.0	0.0	0.0	0.0	0.0	0.0	0.0	0.0	0.0	0.0	2.0	1.0	0.0	0.0	0.0	1.0	0.0	0.0	0.0	0.0
YNL289W	2.0	2.0	2.0	3.0	3.0	2.0	1.0	2.0	3.0	2.0	0.0	1.0	1.0	3.0	2.0	1.0	1.0	1.0	1.0	2.0	2.0	1.0	1.0	1.0	2.0	3.0	2.0	2.0	2.0	2.0	1.0	2.0	0.0	1.0	2.0	3.0	1.0	3.0	2.0	1.0	1.0	1.0	1.0	1.0	1.0	2.0	2.0	1.0	1.0	2.0	1.0	3.0	3.0	2.0	0.0	3.0	1.0	2.0	3.0	2.0	1.0	2.0	1.0	2.0	1.0	2.0	2.0	1.0	2.0	2.0	2.0	0.0	2.0	1.0	2.0	1.0	2.0	1.0	2.0	1.0	2.0	1.0	2.0	2.0	2.0	2.0	3.0	2.0	1.0	2.0	1.0	2.0	1.0	1.0	2.0	1.0	2.0	2.0	2.0	2.0	1.0	1.0	2.0	2.0	2.0	3.0	3.0	0.0	1.0	2.0	2.0	1.0	2.0	1.0	2.0
YOL001W	1.0	0.0	1.0	0.0	0.0	1.0	0.0	1.0	0.0	1.0	0.0	1.0	1.0	0.0	0.0	1.0	1.0	1.0	1.0	1.0	1.0	0.0	0.0	0.0	1.0	0.0	0.0	1.0	1.0	1.0	1.0	1.0	0.0	1.0	1.0	0.0	1.0	0.0	1.0	1.0	1.0	0.0	1.0	1.0	0.0	1.0	1.0	0.0	1.0	1.0	0.0	0.0	0.0	0.0	1.0	0.0	1.0	1.0	0.0	1.0	0.0	0.0	1.0	1.0	1.0	1.0	1.0	1.0	1.0	1.0	1.0	1.0	1.0	0.0	0.0	1.0	1.0	1.0	1.0	1.0	1.0	1.0	1.0	1.0	1.0	0.0	0.0	1.0	1.0	1.0	0.0	1.0	0.0	1.0	1.0	1.0	1.0	1.0	1.0	1.0	0.0	1.0	0.0	1.0	1.0	0.0	0.0	1.0	0.0	0.0	0.0	1.0	1.0	0.0	1.0
YOL045W	0.0	0.0	0.0	1.0	0.0	0.0	1.0	0.0	1.0	0.0	0.0	0.0	1.0	1.0	0.0	0.0	0.0	0.0	0.0	0.0	1.0	0.0	0.0	0.0	0.0	1.0	0.0	1.0	1.0	0.0	1.0	0.0	0.0	0.0	0.0	0.0	1.0	0.0	0.0	0.0	0.0	0.0	0.0	0.0	0.0	0.0	0.0	0.0	0.0	0.0	0.0	0.0	1.0	0.0	0.0	1.0	1.0	0.0	1.0	0.0	0.0	0.0	0.0	1.0	1.0	0.0	0.0	0.0	0.0	0.0	0.0	0.0	0.0	0.0	0.0	1.0	1.0	0.0	0.0	1.0	0.0	0.0	1.0	0.0	0.0	1.0	0.0	0.0	0.0	0.0	0.0	0.0	0.0	0.0	0.0	0.0	0.0	0.0	0.0	1.0	0.0	0.0	0.0	0.0	0.0	1.0	1.0	1.0	0.0	0.0	1.0	0.0	0.0	0.0	0.0
YOR039W	0.0	0.0	1.0	3.0	3.0	0.0	2.0	3.0	3.0	2.0	1.0	1.0	1.0	3.0	2.0	2.0	1.0	2.0	3.0	2.0	0.0	1.0	0.0	0.0	2.0	1.0	1.0	1.0	2.0	1.0	2.0	1.0	2.0	1.0	1.0	3.0	1.0	1.0	1.0	1.0	1.0	0.0	1.0	1.0	0.0	2.0	0.0	0.0	0.0	1.0	0.0	2.0	2.0	0.0	2.0	3.0	1.0	2.0	2.0	2.0	1.0	1.0	1.0	1.0	2.0	1.0	1.0	1.0	1.0	0.0	2.0	0.0	2.0	1.0	3.0	2.0	0.0	2.0	0.0	2.0	1.0	1.0	3.0	1.0	1.0	3.0	0.0	0.0	2.0	1.0	0.0	2.0	1.0	1.0	2.0	0.0	1.0	2.0	1.0	1.0	0.0	2.0	1.0	1.0	1.0	3.0	3.0	0.0	0.0	0.0	2.0	0.0	2.0	0.0	0.0
YOR061W	0.0	0.0	1.0	4.0	3.0	0.0	2.0	3.0	3.0	2.0	1.0	1.0	1.0	4.0	2.0	2.0	1.0	2.0	3.0	2.0	0.0	1.0	0.0	0.0	2.0	1.0	1.0	2.0	3.0	1.0	2.0	1.0	2.0	1.0	1.0	4.0	1.0	1.0	1.0	1.0	1.0	0.0	1.0	1.0	0.0	2.0	0.0	0.0	0.0	1.0	0.0	2.0	3.0	0.0	2.0	3.0	1.0	2.0	2.0	2.0	1.0	1.0	1.0	1.0	2.0	1.0	1.0	1.0	1.0	0.0	2.0	0.0	2.0	1.0	3.0	2.0	0.0	2.0	0.0	2.0	1.0	1.0	3.0	1.0	1.0	3.0	0.0	0.0	2.0	1.0	0.0	2.0	1.0	1.0	2.0	0.0	1.0	2.0	1.0	2.0	0.0	2.0	1.0	1.0	1.0	3.0	4.0	0.0	0.0	0.0	2.0	0.0	2.0	0.0	0.0
YPL031C	4.0	2.0	4.0	4.0	4.0	4.0	2.0	4.0	4.0	4.0	1.0	3.0	3.0	4.0	3.0	3.0	3.0	3.0	3.0	4.0	4.0	1.0	2.0	2.0	4.0	4.0	3.0	4.0	4.0	4.0	3.0	4.0	0.0	3.0	4.0	4.0	3.0	4.0	4.0	2.0	3.0	1.0	3.0	3.0	1.0	4.0	4.0	2.0	3.0	4.0	2.0	4.0	4.0	3.0	2.0	4.0	3.0	4.0	4.0	4.0	2.0	3.0	3.0	4.0	3.0	4.0	4.0	3.0	4.0	4.0	4.0	2.0	4.0	2.0	3.0	3.0	4.0	3.0	4.0	3.0	4.0	3.0	4.0	4.0	4.0	3.0	4.0	4.0	3.0	4.0	1.0	4.0	2.0	3.0	4.0	3.0	4.0	4.0	4.0	4.0	2.0	3.0	3.0	4.0	4.0	4.0	4.0	2.0	2.0	3.0	3.0	3.0	4.0	2.0	4.0
YPL153C	0.0	1.0	1.0	1.0	1.0	0.0	1.0	1.0	1.0	1.0	0.0	0.0	0.0	1.0	1.0	1.0	0.0	1.0	1.0	1.0	0.0	0.0	0.0	1.0	1.0	1.0	1.0	0.0	0.0	1.0	0.0	1.0	1.0	0.0	1.0	1.0	0.0	1.0	1.0	0.0	0.0	1.0	0.0	0.0	1.0	0.0	0.0	1.0	0.0	1.0	0.0	1.0	1.0	1.0	0.0	1.0	0.0	1.0	1.0	1.0	1.0	1.0	1.0	1.0	1.0	0.0	0.0	0.0	1.0	0.0	0.0	1.0	1.0	1.0	0.0	1.0	0.0	0.0	0.0	1.0	0.0	0.0	1.0	0.0	1.0	0.0	1.0	0.0	0.0	0.0	0.0	1.0	0.0	1.0	0.0	0.0	0.0	1.0	0.0	0.0	1.0	1.0	1.0	0.0	1.0	1.0	0.0	0.0	1.0	1.0	1.0	0.0	0.0	1.0	0.0
YPL204W	0.0	0.0	0.0	1.0	0.0	0.0	1.0	0.0	0.0	0.0	0.0	0.0	0.0	1.0	1.0	0.0	1.0	0.0	0.0	0.0	0.0	0.0	0.0	0.0	0.0	1.0	0.0	0.0	1.0	0.0	0.0	0.0	1.0	0.0	0.0	1.0	0.0	0.0	0.0	0.0	0.0	0.0	0.0	0.0	0.0	0.0	0.0	0.0	0.0	0.0	0.0	0.0	1.0	0.0	0.0	1.0	0.0	0.0	1.0	0.0	0.0	0.0	0.0	0.0	0.0	0.0	0.0	0.0	0.0	0.0	0.0	0.0	1.0	0.0	1.0	0.0	0.0	0.0	0.0	0.0	0.0	0.0	0.0	0.0	0.0	0.0	0.0	0.0	0.0	0.0	0.0	1.0	0.0	0.0	1.0	0.0	0.0	0.0	0.0	0.0	0.0	0.0	0.0	0.0	0.0	0.0	1.0	0.0	0.0	0.0	1.0	0.0	0.0	0.0	1.0
YPL256C	2.0	1.0	1.0	2.0	2.0	2.0	1.0	1.0	1.0	2.0	1.0	2.0	2.0	2.0	2.0	1.0	1.0	1.0	1.0	1.0	1.0	2.0	2.0	1.0	1.0	1.0	1.0	1.0	1.0	1.0	1.0	1.0	1.0	2.0	2.0	2.0	2.0	1.0	1.0	1.0	1.0	1.0	1.0	1.0	0.0	1.0	2.0	1.0	1.0	1.0	1.0	1.0	2.0	1.0	1.0	2.0	1.0	1.0	2.0	1.0	1.0	1.0	1.0	2.0	1.0	1.0	1.0	1.0	1.0	2.0	1.0	1.0	2.0	1.0	1.0	1.0	1.0	1.0	1.0	1.0	1.0	1.0	1.0	1.0	2.0	1.0	1.0	1.0	1.0	2.0	2.0	2.0	2.0	1.0	1.0	1.0	1.0	1.0	2.0	2.0	2.0	1.0	1.0	2.0	1.0	2.0	2.0	2.0	1.0	1.0	1.0	1.0	1.0	1.0	1.0
YPR119W	24.0	18.0	17.0	30.0	32.0	21.0	17.0	23.0	26.0	24.0	11.0	24.0	17.0	28.0	22.0	24.0	17.0	26.0	27.0	21.0	19.0	10.0	13.0	20.0	19.0	20.0	18.0	26.0	24.0	20.0	15.0	27.0	6.0	23.0	29.0	27.0	20.0	21.0	24.0	20.0	25.0	20.0	12.0	8.0	3.0	15.0	25.0	20.0	16.0	22.0	10.0	25.0	34.0	19.0	17.0	22.0	13.0	27.0	27.0	28.0	18.0	16.0	14.0	24.0	22.0	26.0	21.0	22.0	22.0	25.0	30.0	19.0	23.0	26.0	24.0	16.0	20.0	11.0	21.0	21.0	20.0	16.0	26.0	20.0	30.0	17.0	16.0	21.0	28.0	18.0	14.0	21.0	17.0	27.0	19.0	14.0	18.0	25.0	24.0	25.0	18.0	23.0	14.0	19.0	26.0	34.0	33.0	9.0	21.0	22.0	28.0	10.0	20.0	19.0	14.0
