	metabolite	kinase	coef	score	kinase_count	metabolite_name	kinase_name	TP	euclidean	manhattan
4	128.04	YBL016W	0.6076744539307545	5.779983306424516	18	4-Oxoproline	FUS3	0	5.013003481764171	17.862127109517562
5	129.1	YBL016W	0.02935891624839323	6.358298844106877	18	129.1	FUS3	0	2.566140584792281	9.92398578883013
6	131.05	YBL016W	0.3378625503769147	6.049795209978355	18	131.05	FUS3	0	3.386889664266422	11.217523057345343
10	135.03	YBL016W	0.5668399949494943	5.820817765405776	18	Hypoxanthine	FUS3	0	3.0225249861072387	9.755094576452265
11	145.05	YBL016W	0.40650676170546257	5.981150998649808	18	145.05	FUS3	0	2.3013865052288662	8.454984963622088
13	151.03	YBL016W	0.2544080201050623	6.133249740250208	18	151.03	FUS3	0	2.9704849178071986	9.834941845245721
14	154.06	YBL016W	0.2127692876385357	6.174888472716734	18	L-Histidine	FUS3	0	2.6833031127302167	9.416511756614362
22	188.06	YBL016W	0.5947444444371599	5.79291331591811	18	N-Acetyl-L-glutamate	FUS3	0	6.854518475459971	24.075626644133067
25	213.12	YBL016W	0.05048239189203575	6.337175368463234	18	213.12	FUS3	0	1.9651889125465214	6.946826383939904
30	226.01	YBL016W	0.6472240556833873	5.740433704671883	18	226.01	FUS3	0	4.873209713469406	18.371168770636892
35	249.06	YBL016W	0.2107461748759823	6.176911585479288	18	gamma-L-Glutamyl-L-cysteine	FUS3	0	2.928423488247832	10.201699971972749
36	263.1	YBL016W	-0.19304210400512295	6.194615656350147	18	alpha-N-Phenylacetyl-L-glutamine	FUS3	0	3.153157039143638	10.73532660178892
47	312.06	YBL016W	0.15965957891030577	6.227998181444964	18	312.06	FUS3	0	8.995918880961247	27.67032365565712
72	91.04	YBL016W	-0.25783834538650624	6.129819414968764	18	Glycerol	FUS3	0	3.3418726190292114	11.014878512715315
232	131.08	YBR160W	0.22008405151085153	6.167573708844419	18	L-Ornithine	CDC28	0	3.8405947764822645	13.119935136860155
243	174.09	YBR160W	0.7366500763665219	5.651007683988748	18	174.09	CDC28	0	4.247480267740861	14.41150951808843
269	283.07	YBR160W	0.2354182823818593	6.152239477973411	18	283.07	CDC28	0	7.1562349730743025	20.27489638133085
272	312.06	YBR160W	0.24011956797128603	6.147538192383984	18	312.06	CDC28	0	9.724369327059632	30.880638162809685
278	365.05	YBR160W	0.07788952809043678	6.309768232264833	18	1-(5'-Phosphoribosyl)-5-formamido-4-imidazolecarboxamide	CDC28	0	2.2822390415482032	7.955297511306802
286	606.07	YBR160W	0.30909119278883157	6.078566567566439	18	UDP-N-acetyl-D-glucosamine	CDC28	1	2.386570681833751	8.855418149742306
296	835.04	YBR160W	-0.12928380181845636	6.258373958536814	18	835.04	CDC28	0	3.2043640578555816	12.384352631853949
298	920.24	YBR160W	0.8223608967655238	5.565296863589746	18	920.24	CDC28	0	12.742867698931985	35.296107942564426
299	994.3	YBR160W	2.267165642787197	4.120492117568073	18	994.3	CDC28	0	8.03894233664086	22.251030170887432
303	127.05	YDL028C	-1.3117465605463154	5.075911199808955	18	5,6-Dihydrothymine	MPS1	0	10.617079202646886	35.52952026608831
306	131.05	YDL028C	-0.3997474059702003	5.98791035438507	18	131.05	MPS1	0	3.5650126385820835	11.9395352700405
312	145.06	YDL028C	-1.1832499533549803	5.20440780700029	18	L-Glutamine	MPS1	0	10.675942903182163	35.55593176683531
314	154.06	YDL028C	-0.02535279945264602	6.362304960902624	18	L-Histidine	MPS1	0	2.9029346565049523	10.104762586423512
322	188.06	YDL028C	-0.6230475779948536	5.764610182360417	18	N-Acetyl-L-glutamate	MPS1	0	6.47514266101018	20.82301383077101
327	217.08	YDL028C	-0.7385965589652077	5.6490612013900625	18	217.08	MPS1	0	10.711343876307371	35.125867926808795
328	218.03	YDL028C	0.3889884121362328	5.998669348219037	18	218.03	MPS1	0	3.065544664389898	10.62134676432509
347	312.06	YDL028C	-0.8702201419357019	5.517437618419568	18	312.06	MPS1	0	9.176505613484467	28.009039206507115
354	387.0	YDL028C	-1.064119365096703	5.323538395258567	18	387.0	MPS1	0	9.707921940833842	31.87566213106304
376	114.06	YDL047W	0.3287431517823332	6.058914608572937	18	L-Proline	SIT4	1	3.7326866481710637	12.20547575807344
377	115.0	YDL047W	0.2035373328744744	6.184120427480796	18	Fumarate	SIT4	0	1.9470607699080207	6.026894682385623
378	127.05	YDL047W	-0.4204855171267027	5.967172243228568	18	5,6-Dihydrothymine	SIT4	0	12.228282140739383	40.16833393237142
379	128.04	YDL047W	-0.1987904350090432	6.188867325346227	18	4-Oxoproline	SIT4	0	6.600187624417104	22.003047598372703
380	129.1	YDL047W	-0.19557566293036946	6.192082097424901	18	129.1	SIT4	0	3.664471817015245	12.70820818274269
381	131.05	YDL047W	-0.22848920694632138	6.159168553408949	18	131.05	SIT4	0	4.756567195111058	16.54866280873943
382	131.08	YDL047W	-0.31611112338974945	6.071546636965521	18	L-Ornithine	SIT4	1	4.923501961568105	14.64220129364095
384	133.01	YDL047W	0.21724426838687827	6.170413491968392	18	(S)-Malate	SIT4	0	2.776790965358309	8.386853582236354
387	145.06	YDL047W	-0.2357405487804991	6.151917211574771	18	L-Glutamine	SIT4	1	12.257053145844223	40.19474543311842
389	154.06	YDL047W	-0.3036372437629049	6.084020516592365	18	L-Histidine	SIT4	1	4.13522965500745	13.989867228661517
391	173.09	YDL047W	-0.32702191838927286	6.060635841965997	18	173.09	SIT4	0	4.930342546829738	16.53904491681965
393	174.09	YDL047W	-0.42408586430367906	5.963571896051591	18	174.09	SIT4	0	5.21725115805618	15.83402885130969
396	187.02	YDL047W	-0.11780739500312405	6.269850365352146	18	(Z)-But-1-ene-1,2,4-tricarboxylate	SIT4	0	3.3275743145199645	11.112717588898816
397	188.06	YDL047W	-0.3146409081615281	6.073016852193742	18	N-Acetyl-L-glutamate	SIT4	0	7.81750296929599	26.65073124530118
398	191.02	YDL047W	0.1595269875890626	6.228130772766208	18	Citrate	SIT4	0	2.9725406563905588	10.159870591649327
399	205.04	YDL047W	-0.25185954154083384	6.135798218814436	18	Lipoate	SIT4	0	4.726653509007652	16.448717606260136
401	214.01	YDL047W	0.8530525687782576	5.534605191577013	18	214.01	SIT4	0	3.7786853484697165	12.876133127466408
402	217.08	YDL047W	-0.2543974703750325	6.133260289980238	18	217.08	SIT4	0	12.332091468059206	39.90528175227393
405	226.01	YDL047W	-0.16552208841938743	6.222135671935883	18	226.01	SIT4	0	6.1760277339527105	21.127489244828137
406	237.03	YDL047W	-0.13483336978213628	6.252824390573134	18	D-erythro-1-(Imidazol-4-yl)glycerol 3-phosphate	SIT4	0	5.301045277386302	17.5798269975562
407	241.08	YDL047W	-0.006368165534936625	6.381289594820333	18	241.08	SIT4	0	5.543541038352769	17.790979998074395
409	245.0	YDL047W	-0.15553935494977383	6.2321184054054966	18	245.0	SIT4	0	3.700865222049366	12.869938389835712
410	249.06	YDL047W	-0.2129720717164472	6.174685688638823	18	gamma-L-Glutamyl-L-cysteine	SIT4	0	4.484248762132124	13.807016209687712
413	267.07	YDL047W	-0.034597537015650895	6.353060223339619	18	Inosine	SIT4	0	8.82840784930543	23.69208139021953
414	268.02	YDL047W	-0.16086676624213433	6.226790994113136	18	268.02	SIT4	0	3.8313657455287458	12.461516028489097
416	275.12	YDL047W	-0.03374963079523747	6.353908129560033	18	275.12	SIT4	0	4.903159031883987	17.023314998680735
418	282.08	YDL047W	0.23599914494739369	6.151658615407877	18	282.08	SIT4	0	3.231252328647466	11.180230334573366
419	283.07	YDL047W	-0.5561651995877942	5.831492560767476	18	283.07	SIT4	0	8.365824335919068	20.600917929889803
420	285.05	YDL047W	-0.2465506095525644	6.141107150802706	18	285.05	SIT4	0	5.494390269396066	16.6431929336836
421	289.12	YDL047W	-0.09208480237033954	6.29557295798493	18	N-(L-Arginino)succinate	SIT4	0	4.440141532579221	13.307674722290013
422	312.06	YDL047W	-0.48345491620860676	5.904202844146663	18	312.06	SIT4	0	10.758751556266828	32.64785287279023
423	313.04	YDL047W	-0.1482300667740129	6.239427693581257	18	313.04	SIT4	0	4.597081412724883	15.904886448650313
424	337.06	YDL047W	-0.02879250064288874	6.358865259712381	18	337.06	SIT4	0	3.5801864308465587	13.528091452857248
426	341.11	YDL047W	1.034307090051856	5.353350670303414	18	Sucrose	SIT4	0	4.45525341136285	13.913617751236485
427	347.04	YDL047W	-0.01913838989313394	6.368519370462137	18	347.04	SIT4	0	5.4685730874355825	20.867331992909453
428	365.05	YDL047W	-0.16482116582817052	6.2228365945271	18	1-(5'-Phosphoribosyl)-5-formamido-4-imidazolecarboxamide	SIT4	0	3.153587037436905	9.795112815624206
429	387.0	YDL047W	-0.1374929596345331	6.2501648007207375	18	387.0	SIT4	0	11.339018104505078	36.40585766529696
434	505.99	YDL047W	-0.026455789368914278	6.361201970986356	18	ATP	SIT4	0	3.37364480872456	10.723352553927544
435	565.05	YDL047W	0.1957469850108727	6.191910775344398	18	UDP-glucose	SIT4	0	1.5125277017196888	5.412537716720557
437	611.15	YDL047W	0.023496955960274173	6.364160804394996	18	Glutathione disulfide	SIT4	0	3.621701782636288	11.607235095762965
440	679.31	YDL047W	-0.4246875544936554	5.962970205861615	18	679.31	SIT4	0	4.9912583918657	16.621671829583384
442	716.26	YDL047W	-0.9690240153541348	5.418633745001135	18	716.26	SIT4	0	6.638440318104412	17.811782806878075
447	91.04	YDL047W	0.35799669395710504	6.029661066398165	18	Glycerol	SIT4	0	1.7074302173579767	5.80639723844704
448	920.24	YDL047W	-0.5253244175072985	5.862333342847972	18	920.24	SIT4	0	12.342873951074997	32.326818647502684
449	994.3	YDL047W	-0.21746064132114318	6.170197119034127	18	994.3	SIT4	0	7.604446733177375	19.013889579841294
450	104.04	YDL108W	0.22881827933385823	6.1588394810214115	18	104.04	KIN28	0	3.088942507459574	10.562312438822499
451	114.06	YDL108W	-0.37378307050156384	6.013874689853706	18	L-Proline	KIN28	0	6.353365124720977	21.69441253558048
452	115.0	YDL108W	-0.4014193950441493	5.986238365311121	18	Fumarate	KIN28	0	4.435715071825194	12.490300204582534
453	127.05	YDL108W	0.1419588401963281	6.245698920158942	18	5,6-Dihydrothymine	KIN28	0	10.899046284190042	37.5799009402908
455	129.1	YDL108W	0.07411173295498141	6.313546027400289	18	129.1	KIN28	0	2.963520103215367	10.429598310597818
456	131.05	YDL108W	0.3015107995599358	6.086146960795334	18	131.05	KIN28	0	4.0851622538224746	13.82448968712469
458	132.03	YDL108W	-0.1556882512730106	6.231969509082259	18	L-Aspartate	KIN28	0	6.213062014182257	20.013117573597444
459	133.01	YDL108W	-0.5262309692548447	5.861426791100426	18	(S)-Malate	KIN28	0	5.013901741020906	12.89254766092494
460	135.03	YDL108W	-0.4052300448087145	5.982427715546556	18	Hypoxanthine	KIN28	0	4.612117046996134	15.23404196003471
462	145.06	YDL108W	0.3226363676311037	6.065021392724167	18	L-Glutamine	KIN28	0	10.791684866935935	37.58107619566561
465	171.01	YDL108W	0.026886341913912454	6.360771418441358	18	sn-Glycerol 3-phosphate	KIN28	0	2.595462961422592	8.385444120159006
466	173.09	YDL108W	0.11354020140699825	6.274117558948272	18	173.09	KIN28	0	4.003084707206942	12.942908061298162
467	173.1	YDL108W	-0.1625013910073853	6.225156369347885	18	L-Arginine	KIN28	0	5.111961353513639	16.00867163281603
468	174.09	YDL108W	0.11203568189773483	6.275622078457536	18	174.09	KIN28	0	4.336756221334958	14.488803886055557
469	179.06	YDL108W	0.1371803568420272	6.250477403513243	18	D-Glucose	KIN28	0	2.2874321322267264	8.21573050994646
470	182.97	YDL108W	0.2976688339530584	6.089988926402212	18	182.97	KIN28	0	2.4230395378993324	9.017684032244036
471	187.02	YDL108W	0.3195759236574084	6.0680818366978615	18	(Z)-But-1-ene-1,2,4-tricarboxylate	KIN28	0	1.385293938844888	5.00403224556027
472	188.06	YDL108W	0.7452881093912601	5.64236965096401	18	N-Acetyl-L-glutamate	KIN28	0	5.6394210994332505	20.01889711001882
473	191.02	YDL108W	-0.6171450652778007	5.7705126950774694	18	Citrate	KIN28	0	5.470946565063269	17.857610622521516
474	205.04	YDL108W	0.47159070223325705	5.916067058122013	18	Lipoate	KIN28	0	1.9142207035528718	6.438305579385555
475	213.12	YDL108W	-0.06584606712958493	6.321811693225685	18	213.12	KIN28	0	3.6481330809174874	12.877554458402297
480	226.01	YDL108W	0.0920047986808394	6.295652961674431	18	226.01	KIN28	0	4.732045051008685	16.077425371546745
486	263.1	YDL108W	0.16569861997249638	6.221959140382774	18	alpha-N-Phenylacetyl-L-glutamine	KIN28	0	2.8004215989840553	10.302382322118005
487	266.09	YDL108W	0.11637697056369968	6.271280789791571	18	266.09	KIN28	0	2.750904784158536	9.741486684584968
488	267.07	YDL108W	-1.9625658782006974	4.425091882154573	18	Inosine	KIN28	0	9.645219428088641	28.500931940735676
490	275.02	YDL108W	-0.19605614680593036	6.19160161354934	18	275.02	KIN28	0	3.7153164344910006	11.723639250032454
491	275.12	YDL108W	0.010326855571874058	6.377330904783396	18	275.12	KIN28	0	3.5696320451235795	10.816974137705598
494	283.07	YDL108W	-0.7550226054984176	5.632635154856852	18	283.07	KIN28	0	7.804730061161366	21.05362167544598
496	289.12	YDL108W	-0.1583766841031816	6.2292810762520885	18	N-(L-Arginino)succinate	KIN28	0	4.874847642326033	17.99971738282157
497	312.06	YDL108W	-0.7871749210275842	5.600482839327686	18	312.06	KIN28	0	10.17217336983818	29.81049901113325
503	365.05	YDL108W	-0.07179219354746932	6.315865566807801	18	1-(5'-Phosphoribosyl)-5-formamido-4-imidazolecarboxamide	KIN28	0	3.2708933109120655	11.199919159219206
506	441.34	YDL108W	0.21406880482080684	6.173588955534464	18	4alpha-Methylzymosterol-4-carboxylate	KIN28	0	3.6389926681445672	13.036023086003654
507	453.07	YDL108W	-0.0663544598540229	6.321303300501247	18	453.07	KIN28	0	5.026421750034419	17.185373446583718
509	505.99	YDL108W	-0.011467132056101156	6.376190628299169	18	ATP	KIN28	0	3.4255371203151275	12.030959312351268
510	565.05	YDL108W	-0.3959013287934239	5.991756431561846	18	UDP-glucose	KIN28	0	4.163655354367543	12.513793280725999
511	606.07	YDL108W	-0.2079348054461154	6.179722954909155	18	UDP-N-acetyl-D-glucosamine	KIN28	0	4.490736659371467	14.672334351641865
515	679.31	YDL108W	1.2701406093857333	5.117517150969537	18	679.31	KIN28	0	3.2836391480742027	11.135965263146577
516	694.67	YDL108W	0.6066141741355973	5.781043586219673	18	694.67	KIN28	0	3.02801577855476	10.0331358293173
517	716.26	YDL108W	0.8494147140424821	5.538243046312788	18	716.26	KIN28	0	4.758875552359566	11.567228527363145
519	762.07	YDL108W	-0.1784925041679192	6.209165256187351	18	762.07	KIN28	0	4.04192537891323	14.440685853735777
520	766.11	YDL108W	-0.46871030596980917	5.918947454385461	18	766.11	KIN28	0	5.043226299686956	15.705080325812578
522	91.04	YDL108W	0.26376995207441883	6.123887808280851	18	Glycerol	KIN28	0	2.684796020779223	9.666056244767848
523	920.24	YDL108W	0.1730501128564232	6.214607647498847	18	920.24	KIN28	0	11.252351894891252	30.994427065155154
525	104.04	YDR477W	-0.4716315549124725	5.9160262054427974	18	104.04	SNF1	0	3.849677032409928	12.829747239818953
526	114.06	YDR477W	-0.6006684013515196	5.78698935900375	18	L-Proline	SNF1	0	6.282103201704098	21.661287729870057
527	115.0	YDR477W	-0.4294255008321651	5.958232259523105	18	Fumarate	SNF1	0	3.7302208337368397	13.628501443140623
528	127.05	YDR477W	1.2790519594477858	5.108605800907484	18	5,6-Dihydrothymine	SNF1	0	9.432282391710924	31.064800731819712
529	128.04	YDR477W	0.040199978749714115	6.347457781605556	18	4-Oxoproline	SNF1	0	3.914523313481703	13.515294691921195
531	131.05	YDR477W	1.0057280963681159	5.3819296639871546	18	131.05	SNF1	0	2.4412933244779804	8.032197140114896
534	133.01	YDR477W	-1.0461761394172069	5.341481620938064	18	(S)-Malate	SNF1	1	4.532710835675355	16.387030985807552
537	145.06	YDR477W	1.5063003083511366	4.881357452004133	18	L-Glutamine	SNF1	0	9.52259255729676	31.553205280746823
539	154.06	YDR477W	0.2077937529192619	6.1798640074360085	18	L-Histidine	SNF1	0	2.220633788462874	7.411518176998596
542	173.1	YDR477W	0.20935785812818167	6.178299902227089	18	L-Arginine	SNF1	0	3.0049831660447963	11.048795176105031
544	179.06	YDR477W	0.014246243814497251	6.373411516540773	18	D-Glucose	SNF1	1	3.9148075379428446	13.29306282444592
547	188.06	YDR477W	0.8108486601595782	5.576809100195692	18	N-Acetyl-L-glutamate	SNF1	0	5.735126085806918	19.7287942265367
548	191.02	YDR477W	-0.3325029518830576	6.055154808472213	18	Citrate	SNF1	0	4.937603228367523	15.69206473833912
550	213.12	YDR477W	-0.07802255308369792	6.3096352072715725	18	213.12	SNF1	0	2.0727428615308425	7.2353259122960445
555	226.01	YDR477W	0.0970866262364925	6.290571134118777	18	226.01	SNF1	0	3.7916325533286193	14.024336353040528
558	243.06	YDR477W	0.15714149963763083	6.230516260717639	18	Uridine	SNF1	0	1.979262493244865	6.756534524019158
559	245.0	YDR477W	0.10126673363637162	6.286391026718898	18	245.0	SNF1	0	1.595398556767619	6.075164326534488
562	266.09	YDR477W	-0.25450439711934436	6.133153363235926	18	266.09	SNF1	0	3.3543449340174813	10.87195570547436
564	268.02	YDR477W	0.02543318787767509	6.362224572477595	18	268.02	SNF1	0	1.5449046277560001	5.482364564098591
565	275.02	YDR477W	-0.8899452076792418	5.497712552676028	18	275.02	SNF1	0	3.096196081799341	10.91575052544859
566	275.12	YDR477W	-0.15129579491801282	6.236361965437258	18	275.12	SNF1	0	3.8834275661237596	13.0340245663728
567	279.23	YDR477W	0.1953748849741166	6.192282875381154	18	Linoleate	SNF1	0	2.643389104568175	9.300418865312876
568	282.08	YDR477W	0.989067847346431	5.3985899130088395	18	282.08	SNF1	0	2.4315319419068437	8.493691025400722
579	387.0	YDR477W	0.29179289671026076	6.0958648636450095	18	387.0	SNF1	0	8.520488619658433	27.171339921247625
595	766.11	YDR477W	-1.546545311240195	4.841112449115075	18	766.11	SNF1	0	3.752997213041099	12.662548038216352
598	920.24	YDR477W	2.5442261788238585	3.8434315815314117	18	920.24	SNF1	0	13.273868386087939	38.6719636635345
599	994.3	YDR477W	0.6162906141483169	5.771367146206954	18	994.3	SNF1	0	8.373668127134177	24.98702957619362
640	275.02	YFL029C	0.5680675685568235	5.819590191798447	18	275.02	CAK1	0	1.6871942901088555	5.786224725486897
646	289.12	YFL029C	0.023199210001486562	6.364458550353784	18	N-(L-Arginino)succinate	CAK1	0	2.6989702410094245	9.573058897668497
665	679.31	YFL029C	-0.6057541573261851	5.781903603029085	18	679.31	CAK1	0	4.851404962242185	15.569582814621059
676	114.06	YFL033C	-0.12695879919188938	6.2606989611633805	18	L-Proline	RIM15	0	4.497046549460646	15.237906754542664
677	115.0	YFL033C	-0.15361749774082797	6.234040262614442	18	Fumarate	RIM15	0	3.084796918415082	10.909197275857933
681	131.05	YFL033C	0.12060061538471403	6.267057144970556	18	131.05	RIM15	0	4.4846797792588555	15.785944868650956
682	131.08	YFL033C	0.1851946783423172	6.202463082012953	18	L-Ornithine	RIM15	0	4.745384777983084	16.016830675313592
683	132.03	YFL033C	0.5462039234243226	5.841453836930947	18	L-Aspartate	RIM15	0	2.547872815473489	8.417630035071076
684	133.01	YFL033C	-0.2529785163210496	6.134679244034221	18	(S)-Malate	RIM15	0	3.9603301155458	13.913065102957331
689	154.06	YFL033C	0.0783144422054608	6.30934331814981	18	L-Histidine	RIM15	0	3.886455094879831	14.413054320101876
690	171.01	YFL033C	-0.2763826903278682	6.111275070027402	18	sn-Glycerol 3-phosphate	RIM15	0	3.5101921475256574	11.930650923586366
692	173.1	YFL033C	0.4411811928597038	5.946476567495567	18	L-Arginine	RIM15	0	2.50988939237637	8.793348245497306
693	174.09	YFL033C	0.22913525980482186	6.158522500550449	18	174.09	RIM15	0	5.140457054817126	18.471373624299872
698	191.02	YFL033C	-0.7587733445331921	5.628884415822078	18	Citrate	RIM15	0	4.259045650507539	15.024806754410532
699	205.04	YFL033C	-0.053769056177061104	6.333888704178209	18	Lipoate	RIM15	0	5.550577058722674	20.411890008610584
701	214.01	YFL033C	0.18223821709955418	6.205419543255716	18	214.01	RIM15	0	4.028103249098321	14.44099474485724
702	217.08	YFL033C	-0.030267634405381084	6.357390125949889	18	217.08	RIM15	0	12.452969572016114	42.935983782250325
706	237.03	YFL033C	-0.13264904872361258	6.255008711631658	18	D-erythro-1-(Imidazol-4-yl)glycerol 3-phosphate	RIM15	0	5.727608887843379	20.839288151133864
707	241.08	YFL033C	-0.2164747421792761	6.171183018175994	18	241.08	RIM15	0	5.957043376062315	21.24328137384111
710	249.06	YFL033C	0.024733159047597198	6.3629246013076735	18	gamma-L-Glutamyl-L-cysteine	RIM15	0	4.320139624522573	16.000736248042944
712	266.09	YFL033C	-0.051563905633144155	6.336093854722126	18	266.09	RIM15	0	5.213187019438087	19.75984076451367
714	268.02	YFL033C	0.03493082360391792	6.352726936751353	18	268.02	RIM15	0	4.007950442720372	14.948677477325708
716	275.12	YFL033C	-0.3712538924139135	6.0164038679413565	18	275.12	RIM15	0	5.498646185331193	20.475616374447448
720	285.05	YFL033C	-0.13896536836791906	6.248692391987351	18	285.05	RIM15	0	5.774118620341931	20.074838518248413
721	289.12	YFL033C	-0.13134118862811342	6.256316571727157	18	N-(L-Arginino)succinate	RIM15	0	4.640055898706816	15.648372191889797
722	312.06	YFL033C	0.011410017156126835	6.376247743199143	18	312.06	RIM15	0	10.504421714198855	32.68202894325837
723	313.04	YFL033C	-0.009087487310268894	6.378570273045002	18	313.04	RIM15	0	5.18120260926782	19.357187824417025
724	337.06	YFL033C	-0.05887996617930028	6.32877779417597	18	337.06	RIM15	0	4.350777459795087	16.980392828623955
725	338.99	YFL033C	-0.08112904004344988	6.30652872031182	18	D-Fructose 1,6-bisphosphate	RIM15	0	3.829975617703631	12.667277944109546
727	347.04	YFL033C	-0.18977085957980164	6.197886900775469	18	347.04	RIM15	0	6.042370576644847	24.31963336867616
729	387.0	YFL033C	0.1970946334163071	6.190563126938963	18	387.0	RIM15	0	11.331183332181807	37.05346959089157
730	426.02	YFL033C	-0.07657504652401065	6.31108271383126	18	ADP	RIM15	0	3.965322179219336	15.31620033926969
733	503.0	YFL033C	0.35469148127530103	6.032966279079969	18	503.0	RIM15	0	3.8597999321985514	14.590962297851213
737	611.15	YFL033C	0.2272496278309518	6.160408132524318	18	Glutathione disulfide	RIM15	1	3.9232571466422717	14.567619246258834
738	662.1	YFL033C	-0.014558332609004054	6.373099427746266	18	662.1	RIM15	0	4.245100460715157	15.852563308694373
739	664.12	YFL033C	-0.15373476201704833	6.233922998338222	18	NADH	RIM15	0	3.8171294625330217	12.933507996703185
744	762.07	YFL033C	-0.15313318047479105	6.234524579880479	18	762.07	RIM15	0	4.344921763819433	14.98599498655149
745	766.11	YFL033C	-0.49361788447186355	5.894039875883407	18	766.11	RIM15	0	4.326827251079063	15.254615063041781
746	835.04	YFL033C	-0.2449623729210173	6.142695387434253	18	835.04	RIM15	0	4.16994869553556	15.407613013380162
747	91.04	YFL033C	-0.027998844077170452	6.3596589162781	18	Glycerol	RIM15	0	3.1036670957470434	10.798844794296063
806	441.34	YGL019W	-0.0006066442573254029	6.387051116097945	18	4alpha-Methylzymosterol-4-carboxylate	CKB1	0	2.5153896148888473	8.307418773897119
825	104.04	YGL059W	-0.761704261412563	5.625953498942708	18	104.04	PKP2	0	4.8020894160365355	17.833896709752754
851	214.01	YGL059W	-0.6790715407873754	5.708586219567895	18	214.01	PKP2	0	3.930350027322846	12.845014990195127
852	217.08	YGL059W	-0.19378931141607683	6.1938684489391935	18	217.08	PKP2	0	11.842236463871863	40.01550962587518
856	237.03	YGL059W	-0.2661694623568993	6.121488297998371	18	D-erythro-1-(Imidazol-4-yl)glycerol 3-phosphate	PKP2	0	4.915142104311739	17.80855086064312
857	241.08	YGL059W	-0.025568337621774656	6.362089422733495	18	241.08	PKP2	0	5.142953280164591	18.10258059433906
862	266.09	YGL059W	-0.2048934419644425	6.182764318390828	18	266.09	PKP2	0	4.3130073007755145	16.24832593827506
876	341.11	YGL059W	-0.7379433727916305	5.649714387563639	18	Sucrose	PKP2	0	5.342216203969448	15.661934905276162
889	664.12	YGL059W	-0.019248670896268145	6.368409089459002	18	NADH	PKP2	0	2.8762331599544493	10.614782647139164
890	679.31	YGL059W	-0.17303541219270135	6.214622348162569	18	679.31	PKP2	0	5.124160605417567	17.61523173464677
891	694.67	YGL059W	-0.30464846922633526	6.083009291128935	18	694.67	PKP2	0	4.1139276810150465	14.947356845649745
897	91.04	YGL059W	0.050041427770039934	6.33761633258523	18	Glycerol	PKP2	0	2.2740246249018052	7.1526108655474925
899	994.3	YGL059W	0.6732024743386442	5.7144552860166264	18	994.3	PKP2	0	7.862470233942008	21.959384197245484
909	133.01	YHR030C	0.10663003022627572	6.2810277301289945	18	(S)-Malate	SLT2	0	2.8657610990177007	7.89187582199791
912	145.06	YHR030C	-0.26301000170463507	6.124647758650635	18	L-Glutamine	SLT2	1	12.068122807736053	40.68388155345002
915	171.01	YHR030C	0.14059424118720534	6.247063519168065	18	sn-Glycerol 3-phosphate	SLT2	0	1.6556188583810971	5.880372951819654
926	214.01	YHR030C	-1.2149068922684543	5.1727508680868155	18	214.01	SLT2	0	3.9597315941743036	13.435778479076934
932	241.08	YHR030C	-0.15712282449943646	6.230534935855834	18	241.08	SLT2	0	5.403510331540135	17.594044217096837
936	263.1	YHR030C	0.0850988805046541	6.302558879850616	18	alpha-N-Phenylacetyl-L-glutamine	SLT2	0	1.7907526233993116	6.126006643278985
940	275.02	YHR030C	0.2931619113012646	6.094495849054006	18	275.02	SLT2	0	2.183641366452418	7.479040706042944
942	279.23	YHR030C	-0.25912397032099205	6.128533790034278	18	Linoleate	SLT2	0	2.947081134675181	9.89374783997501
951	341.11	YHR030C	-0.3175933132701831	6.0700644470850875	18	Sucrose	SLT2	0	5.10215241985437	15.550818463232831
958	503.0	YHR030C	-0.21652585317031003	6.17113190718496	18	503.0	SLT2	0	3.8070095727735294	13.286167228929564
960	565.05	YHR030C	0.3123947575037302	6.07526300285154	18	UDP-glucose	SLT2	0	1.927259989241491	6.110433935285983
965	679.31	YHR030C	-0.4048465194234348	5.982811240931835	18	679.31	SLT2	0	4.71148463337599	15.7947260940943
971	835.04	YHR030C	-0.15535170228591066	6.2323060580693594	18	835.04	SLT2	0	3.276095667568765	11.978442769590274
972	91.04	YHR030C	0.032389886938174205	6.355267873417096	18	Glycerol	SLT2	1	1.616491844106846	5.041278063698197
979	128.04	YHR082C	-0.10867070978225045	6.278987050573019	18	4-Oxoproline	KSP1	0	5.632606332503815	19.16798862733062
990	171.01	YHR082C	0.045608486182396865	6.342049274172873	18	sn-Glycerol 3-phosphate	KSP1	0	2.2153737393807167	7.954375623263289
998	191.02	YHR082C	0.3998928164580864	5.987764943897184	18	Citrate	KSP1	0	3.2971746178471117	10.307571799106201
1040	679.31	YHR082C	0.4454299500834727	5.942227810271797	18	679.31	KSP1	0	4.321116349375873	13.729998528483504
1042	716.26	YHR082C	1.4663054067526664	4.921352353602604	18	716.26	KSP1	0	6.019772144739732	15.159708868671173
1051	114.06	YIL035C	0.8670952929648484	5.5205624673904214	18	L-Proline	CKA1	0	3.6567683305165635	12.337289134570415
1052	115.0	YIL035C	0.11954217414501772	6.268115586210253	18	Fumarate	CKA1	0	1.6391858972412616	4.927091009780957
1053	127.05	YIL035C	-0.842720178170459	5.5449375821848115	18	5,6-Dihydrothymine	CKA1	0	12.073158831806975	39.05042085030179
1054	128.04	YIL035C	-0.5413505115951004	5.84630724876017	18	4-Oxoproline	CKA1	0	6.383255329366628	21.443421293226056
1057	131.08	YIL035C	-0.5884781925187276	5.799179567836543	18	L-Ornithine	CKA1	0	4.651663544065914	13.995119154781808
1060	135.03	YIL035C	-0.8465273058602093	5.541130454495061	18	Hypoxanthine	CKA1	0	4.334813668092023	13.028117461169964
1061	145.05	YIL035C	-0.3800772840404377	6.007580476314833	18	145.05	CKA1	0	3.358410357388976	12.413198703233231
1062	145.06	YIL035C	-0.47792321794123294	5.9097345424140375	18	L-Glutamine	CKA1	0	12.142189855893253	39.35263965025189
1063	151.03	YIL035C	-0.9735808015966712	5.414076958758599	18	151.03	CKA1	0	4.119818840246808	12.746697613464615
1064	154.06	YIL035C	-0.0567994242195731	6.330858336135697	18	L-Histidine	CKA1	0	3.9296436618891573	12.69886615057151
1068	174.09	YIL035C	-0.28520664906690263	6.102451111288367	18	174.09	CKA1	0	5.092068878880212	15.981446837120991
1069	179.06	YIL035C	0.20583784637632507	6.181819913978945	18	D-Glucose	CKA1	0	2.9783783312022702	10.117446317818272
1070	182.97	YIL035C	0.2868653566919913	6.100792403663279	18	182.97	CKA1	0	2.409389057289649	7.395077893091177
1072	188.06	YIL035C	-0.43513895988411344	5.9525188004711564	18	N-Acetyl-L-glutamate	CKA1	0	7.917928045875548	27.358833551637524
1073	191.02	YIL035C	1.1137891074237103	5.27386865293156	18	Citrate	CKA1	0	2.6938932026314655	9.377673489908828
1077	217.08	YIL035C	-1.6044195248327664	4.783238235522504	18	217.08	CKA1	0	12.204517208637686	40.54477014044992
1080	226.01	YIL035C	-0.4037941924179131	5.983863567937357	18	226.01	CKA1	0	6.1257912083290895	21.654375678141353
1081	237.03	YIL035C	-0.39155416386891834	5.996103596486352	18	D-erythro-1-(Imidazol-4-yl)glycerol 3-phosphate	CKA1	0	5.117470535474639	18.323458782568128
1082	241.08	YIL035C	-0.8239208797396884	5.563736880615582	18	241.08	CKA1	0	5.360548330723596	18.727452005275367
1084	245.0	YIL035C	-0.2113160773905779	6.176341682964693	18	245.0	CKA1	0	3.614892808567341	13.318686339423758
1085	249.06	YIL035C	-0.9066239574531634	5.481033802902107	18	gamma-L-Glutamyl-L-cysteine	CKA1	0	4.3100677022260925	13.823594829924783
1086	263.1	YIL035C	0.6758203930841172	5.711837367271153	18	alpha-N-Phenylacetyl-L-glutamine	CKA1	0	2.242160679423185	8.079859322794391
1087	266.09	YIL035C	-0.5941517827493508	5.7935059776059195	18	266.09	CKA1	0	4.553537803328897	17.34550266554899
1088	267.07	YIL035C	-1.375352112159523	5.012305648195747	18	Inosine	CKA1	0	8.40871683390709	22.02762309755097
1089	268.02	YIL035C	-0.3818003899189756	6.005857370436295	18	268.02	CKA1	0	3.619405536519487	12.717541189777034
1091	275.12	YIL035C	-0.6592386526189438	5.728419107736326	18	275.12	CKA1	0	5.029853985847373	18.13347307775394
1094	283.07	YIL035C	-1.864747928604671	4.522909831750599	18	283.07	CKA1	0	8.15359187918626	21.58344698175889
1095	285.05	YIL035C	-0.6220311148799896	5.7656266454752805	18	285.05	CKA1	0	5.2399342962065045	17.512544352885808
1096	289.12	YIL035C	-0.3138781337441302	6.07377962661114	18	N-(L-Arginino)succinate	CKA1	0	4.103040195612648	12.981167423403804
1097	312.06	YIL035C	-1.0703465901720264	5.317311170183244	18	312.06	CKA1	0	10.468031713969708	31.457666236947787
1098	313.04	YIL035C	-0.0597873714551266	6.327870388900144	18	313.04	CKA1	0	4.510565632129267	16.841358455851285
1099	337.06	YIL035C	-0.5147680820071023	5.872889678348168	18	337.06	CKA1	0	3.6522135991448605	14.464563460058221
1101	341.11	YIL035C	1.2093440713436696	5.178313689011601	18	Sucrose	CKA1	0	4.645673399578467	14.544553124387376
1102	347.04	YIL035C	-0.9805838942848717	5.407073866070398	18	347.04	CKA1	0	5.56067393058572	21.803804000110425
1104	387.0	YIL035C	-1.0054236079888639	5.382234152366406	18	387.0	CKA1	0	11.140502299628839	35.20388664182633
1105	426.02	YIL035C	-0.23782591654024285	6.1498318438150275	18	ADP	CKA1	0	3.254778971904774	12.80037097070395
1106	441.34	YIL035C	0.10605696310191279	6.281600797253358	18	4alpha-Methylzymosterol-4-carboxylate	CKA1	0	2.1607028339343577	8.134122005084011
1107	453.07	YIL035C	-1.4502044399970544	4.937453320358216	18	453.07	CKA1	0	5.8902062776126884	21.644160854584584
1108	503.0	YIL035C	-0.6376758859433619	5.749981874411908	18	503.0	CKA1	0	3.7902254789922374	12.87962338425503
1109	505.99	YIL035C	-0.15791362017281801	6.2297441401824525	18	ATP	CKA1	0	3.2423820161150902	11.425747604151054
1111	606.07	YIL035C	-0.10108507801239867	6.286572682342872	18	UDP-N-acetyl-D-glucosamine	CKA1	0	2.735185583725475	8.76377245997234
1113	662.1	YIL035C	-0.22185418064845558	6.1658035797068145	18	662.1	CKA1	0	3.710652172989204	13.310156650162618
1114	664.12	YIL035C	-0.3417018969287074	6.045955863426562	18	NADH	CKA1	0	3.133711898400755	11.357838617446934
1116	694.67	YIL035C	1.1989459717250668	5.188711788630203	18	694.67	CKA1	0	3.831620775525721	14.289994867925426
1118	742.07	YIL035C	-0.4170112028006479	5.970646557554622	18	742.07	CKA1	0	3.4292831366459624	12.867011116762257
1119	762.07	YIL035C	-0.6376693513164384	5.749988409038831	18	762.07	CKA1	0	3.8307510695501072	13.22979834173521
1120	766.11	YIL035C	-0.31204148231227585	6.075616278042994	18	766.11	CKA1	0	3.3924755317021433	11.074643860819574
1121	835.04	YIL035C	-0.34857112508057675	6.0390866352746935	18	835.04	CKA1	0	3.484180363337746	13.63133393597522
1122	91.04	YIL035C	0.19015311941673801	6.197504640938532	18	Glycerol	CKA1	0	2.261850698703839	7.737431675923203
1123	920.24	YIL035C	3.1614420187942645	3.2262157415610058	18	920.24	CKA1	0	12.642207372377015	33.96810079737953
1124	994.3	YIL035C	2.8674113034042694	3.520246456951001	18	994.3	CKA1	0	7.97769269869907	21.04636674670001
1126	114.06	YIL042C	0.0030398008832623557	6.384617959472008	18	L-Proline	PKP1	0	4.59789215002439	15.657153019307932
1131	131.05	YIL042C	0.09040003742706257	6.297257722928208	18	131.05	PKP1	0	3.8511383220890716	11.994537277735555
1133	132.03	YIL042C	0.5019833872112677	5.885674373144003	18	L-Aspartate	PKP1	0	3.0654106486648276	10.64429618419243
1142	173.1	YIL042C	0.5273466881635034	5.860311072191767	18	L-Arginine	PKP1	0	2.042941405254441	7.362609741452107
1143	174.09	YIL042C	0.08020754660423406	6.307450213751036	18	174.09	PKP1	0	4.291018298764198	13.33010029405567
1145	182.97	YIL042C	0.0988035146308722	6.288854245724398	18	182.97	PKP1	0	2.9266355185398814	9.203914005566388
1150	213.12	YIL042C	0.020547039898595958	6.367110720456674	18	213.12	PKP1	0	2.1686274523577063	7.361469669801155
1158	243.06	YIL042C	0.32897287948656856	6.058684880868702	18	Uridine	PKP1	0	1.7494251293058911	5.881446303201187
1167	279.23	YIL042C	0.12001795073560807	6.267639809619662	18	Linoleate	PKP1	0	2.5777479797497307	10.037276891583051
1168	282.08	YIL042C	0.30631013562501863	6.081347624730252	18	282.08	PKP1	0	2.3044946483919717	7.466486498782292
1181	441.34	YIL042C	0.11368591905106577	6.2739718413042045	18	4alpha-Methylzymosterol-4-carboxylate	PKP1	0	2.7072734568831778	9.65325962933134
1185	565.05	YIL042C	0.2717450389786718	6.115912721376598	18	UDP-glucose	PKP1	0	1.5652728199439339	5.445180144033099
1186	606.07	YIL042C	0.25635276416117414	6.131304996194096	18	UDP-N-acetyl-D-glucosamine	PKP1	0	1.7500589849524049	5.335271589966118
1189	664.12	YIL042C	0.024723317546383877	6.3629344428088865	18	NADH	PKP1	0	2.492021543679602	8.456479421740356
1192	716.26	YIL042C	0.9456128068661571	5.442044953489113	18	716.26	PKP1	0	6.803117823099781	18.77642882542482
1198	920.24	YIL042C	1.1256732817239514	5.261984478631319	18	920.24	PKP1	0	13.369255993111972	36.75904029381747
1199	994.3	YIL042C	0.6609079835840551	5.726749776771215	18	994.3	PKP1	0	8.543702372276808	23.137507427628815
1210	135.03	YIL095W	1.9305882412354196	4.457069519119851	18	Hypoxanthine	PRK1	0	2.8766286138837653	8.431219875538867
1213	151.03	YIL095W	0.7177482093165957	5.669909551038675	18	151.03	PRK1	0	2.8510973036284097	9.45292448451199
1214	154.06	YIL095W	0.7808155275387486	5.606842232816522	18	L-Histidine	PRK1	1	2.341363297150853	8.01029500601697
1238	267.07	YIL095W	3.0478261926321624	3.339831567723108	18	Inosine	PRK1	0	7.597643438054169	20.991559497872462
1251	341.11	YIL095W	-1.852610148462041	4.535047611893229	18	Sucrose	PRK1	0	6.072374175420663	17.074228638405774
1253	365.05	YIL095W	0.10271946103732296	6.284938299317948	18	1-(5'-Phosphoribosyl)-5-formamido-4-imidazolecarboxamide	PRK1	0	1.7123515308885673	5.32281620499915
1254	387.0	YIL095W	0.02211033978046702	6.365547420574803	18	387.0	PRK1	0	9.56200366371526	31.1452982653468
1275	104.04	YIR026C	0.5217563145491888	5.865901445806081	18	104.04	YVH1	0	3.6414663944314474	13.460150191590166
1280	129.1	YIR026C	0.017113961003191215	6.370543799352079	18	129.1	YVH1	0	2.1425556674674797	7.83826812280204
1285	135.03	YIR026C	0.05769701628545316	6.329960744069817	18	Hypoxanthine	YVH1	1	3.0361156695447717	9.387590575304483
1286	145.05	YIR026C	0.07960553823389029	6.30805222212138	18	145.05	YVH1	0	1.9891011950715518	7.001706003374741
1291	173.09	YIR026C	0.12575740483903494	6.261900355516235	18	173.09	YVH1	0	3.36814727811138	11.711885837416688
1294	179.06	YIR026C	-0.3901041862840031	5.997553574071267	18	D-Glucose	YVH1	0	3.107345459292947	9.96051747031026
1295	182.97	YIR026C	-0.28164386753312715	6.106013892822143	18	182.97	YVH1	0	2.53012634990407	8.402395887048797
1297	188.06	YIR026C	0.19766165217206674	6.189996108183204	18	N-Acetyl-L-glutamate	YVH1	0	6.374946548323392	21.989908978104978
1298	191.02	YIR026C	-0.09699993639412928	6.290657823961141	18	Citrate	YVH1	0	4.3519807126891195	14.025730288573278
1305	226.01	YIR026C	0.512168564155016	5.875489196200254	18	226.01	YVH1	0	4.597817689679328	16.412762006449405
1310	249.06	YIR026C	0.5212009864984312	5.866456773856839	18	gamma-L-Glutamyl-L-cysteine	YVH1	0	2.809250917071555	9.678686638288962
1312	266.09	YIR026C	0.2250790866184589	6.162578673736811	18	266.09	YVH1	0	3.179997363033932	11.994584995359046
1313	267.07	YIR026C	1.6095167433829616	4.778141016972309	18	Inosine	YVH1	1	7.657007390169069	21.787579255568243
1318	282.08	YIR026C	-0.6510885865147525	5.736569173840517	18	282.08	YVH1	0	3.1242640903861045	9.605838744842014
1319	283.07	YIR026C	2.581131874403988	3.8065258859512823	18	283.07	YVH1	0	6.611547240807274	16.33673753762245
1322	312.06	YIR026C	1.6498622955024327	4.737795464852837	18	312.06	YVH1	0	9.161631645539998	28.680083724001296
1323	313.04	YIR026C	0.06765392677912473	6.320003833576146	18	313.04	YVH1	0	3.2837677387226623	11.472433882318736
1327	347.04	YIR026C	0.3677856963621407	6.019872063993129	18	347.04	YVH1	0	4.04795271513285	16.434879426577876
1328	365.05	YIR026C	1.1591063849279215	5.228551375427349	18	1-(5'-Phosphoribosyl)-5-formamido-4-imidazolecarboxamide	YVH1	0	1.705018221619666	5.939656838717662
1332	453.07	YIR026C	0.12460357083714645	6.263054189518124	18	453.07	YVH1	0	4.4404714890205765	16.800228821165835
1334	505.99	YIR026C	0.03415649268569801	6.353501267669572	18	ATP	YVH1	0	1.9780977077423212	7.392464634987749
1337	611.15	YIR026C	0.6305811678061152	5.757076592549155	18	Glutathione disulfide	YVH1	0	2.863770029380035	9.991895045959753
1339	664.12	YIR026C	0.24953967493425439	6.138118085421016	18	NADH	YVH1	0	1.8335484935784414	6.151056831401807
1340	679.31	YIR026C	-0.833442642649233	5.554215117706037	18	679.31	YVH1	0	4.597716105267929	15.146727651315441
1345	766.11	YIR026C	0.363766853031206	6.0238909073240645	18	766.11	YVH1	0	3.1579912618441037	9.205362891961778
1350	104.04	YJL164C	0.7007163530538976	5.686941407301372	18	104.04	TPK1	0	2.2433777154182746	7.183619044091967
1352	115.0	YJL164C	-0.02546916944617702	6.362188590909093	18	Fumarate	TPK1	0	4.646226640801001	16.062725855216698
1358	132.03	YJL164C	-0.3805768199266824	6.007080940428588	18	L-Aspartate	TPK1	1	6.0590450923170796	22.564260300183403
1359	133.01	YJL164C	-0.07098140568984397	6.316676354665426	18	(S)-Malate	TPK1	0	5.284770136024452	17.280164118727377
1361	145.05	YJL164C	0.025010021990847644	6.362647738364423	18	145.05	TPK1	0	1.9621580423002118	7.279153091350414
1363	151.03	YJL164C	0.1391442039463952	6.248513556408875	18	151.03	TPK1	0	3.0804615801903816	10.65586762576498
1372	188.06	YJL164C	0.04713560431291676	6.340522156042353	18	N-Acetyl-L-glutamate	TPK1	0	4.734999136029162	15.378781283102244
1374	205.04	YJL164C	0.06500818194570457	6.322649578409566	18	Lipoate	TPK1	0	2.994508353924758	10.275463595996078
1376	214.01	YJL164C	0.802294075283946	5.585363685071324	18	214.01	TPK1	0	3.2585131149549458	11.36220727563154
1378	218.03	YJL164C	0.3488246480373388	6.038833112317931	18	218.03	TPK1	0	3.6453784183352176	12.812519057448073
1380	226.01	YJL164C	0.16224411148708714	6.225413648868183	18	226.01	TPK1	0	3.124073931890141	10.53332399141636
1383	243.06	YJL164C	0.2249412233740867	6.162716536981184	18	Uridine	TPK1	0	2.9423219764241675	10.265079838456709
1386	263.1	YJL164C	-0.057303924670270505	6.330353835685	18	alpha-N-Phenylacetyl-L-glutamine	TPK1	0	3.871606692001522	14.018890302628265
1387	266.09	YJL164C	0.3689531183583778	6.018704641996893	18	266.09	TPK1	0	1.9660972156781285	5.641377946952718
1388	267.07	YJL164C	-0.10751175039546038	6.28014600995981	18	Inosine	TPK1	0	8.409752007500638	26.146358829928335
1392	279.23	YJL164C	0.15973156532843083	6.227926195026839	18	Linoleate	TPK1	0	3.415872537177221	12.807956710538255
1394	283.07	YJL164C	-0.46680639315018063	5.920851367205089	18	283.07	TPK1	0	6.547782297515153	17.67324265713647
1398	313.04	YJL164C	0.2733847240267783	6.114273036328492	18	313.04	TPK1	0	1.9494358907107334	6.346724515069364
1399	337.06	YJL164C	-0.015358958307012121	6.372298802048258	18	337.06	TPK1	0	1.86287361587239	6.497588207469203
1400	338.99	YJL164C	-0.008769265602863013	6.378888494752407	18	D-Fructose 1,6-bisphosphate	TPK1	0	3.335772406793137	12.328682487049477
1401	341.11	YJL164C	0.509960837975095	5.877696922380175	18	Sucrose	TPK1	1	6.808315598400307	22.380509741137814
1415	679.31	YJL164C	0.009578221855010706	6.378079538500259	18	679.31	TPK1	0	3.784697831080205	12.480416011489963
1416	694.67	YJL164C	0.20778260094630438	6.179875159408966	18	694.67	TPK1	0	4.611326138846168	14.761279576916444
1421	835.04	YJL164C	0.09247665102147673	6.295181109333793	18	835.04	TPK1	0	1.9490568254471643	6.814683922099405
1423	920.24	YJL164C	-0.6548528398607151	5.732804920494555	18	920.24	TPK1	0	13.151937540319816	40.48706588190166
1426	114.06	YJR059W	-0.4430080310330298	5.94464972932224	18	L-Proline	PTK2	0	6.726754258967174	24.69640041200583
1427	115.0	YJR059W	-0.13632455139902566	6.251333208956245	18	Fumarate	PTK2	0	4.487004464311338	15.058645584443294
1428	127.05	YJR059W	0.720875666109952	5.666782094245319	18	5,6-Dihydrothymine	PTK2	0	10.142353019901057	35.49599163712657
1429	128.04	YJR059W	0.31862890738526034	6.06902885297001	18	4-Oxoproline	PTK2	0	4.887940000960519	16.524244001616797
1430	129.1	YJR059W	0.08076212335959498	6.306895636995675	18	129.1	PTK2	0	2.5862486269236875	9.341005072415896
1431	131.05	YJR059W	0.4701913393009755	5.917466421054295	18	131.05	PTK2	0	3.541129699420031	12.895377544133803
1432	131.08	YJR059W	0.2711141524240213	6.1165436079312485	18	L-Ornithine	PTK2	0	4.051368078491676	14.445024710540107
1434	133.01	YJR059W	-0.19067342453640562	6.196984335818865	18	(S)-Malate	PTK2	0	5.045178191487018	15.585320647489532
1435	135.03	YJR059W	0.3126387698801259	6.075018990475145	18	Hypoxanthine	PTK2	0	3.892933672747899	12.816348354718638
1437	145.06	YJR059W	0.8353457306773321	5.552312029677938	18	L-Glutamine	PTK2	0	10.116972056048889	35.49716689250139
1439	154.06	YJR059W	0.478800556720205	5.9088572036350655	18	L-Histidine	PTK2	0	3.037621939763968	9.673950426125764
1440	171.01	YJR059W	-0.39172997995253633	5.9959277804027336	18	sn-Glycerol 3-phosphate	PTK2	1	3.7797068112740737	14.210976345807943
1441	173.09	YJR059W	0.16391415770378978	6.2237436026514805	18	173.09	PTK2	0	3.4082296460950006	11.819660502182208
1442	173.1	YJR059W	0.2643639827437682	6.123293777611502	18	L-Arginine	PTK2	0	4.596052855838222	16.028986287682798
1443	174.09	YJR059W	0.4247737011587787	5.962884059196491	18	174.09	PTK2	0	3.803514110385273	13.30532944444559
1444	179.06	YJR059W	-0.13194385047227408	6.255713909882996	18	D-Glucose	PTK2	0	3.65740109055038	12.63585344097628
1447	188.06	YJR059W	0.14766548864100015	6.23999227171427	18	N-Acetyl-L-glutamate	PTK2	0	5.487787567314467	20.49682104096334
1450	213.12	YJR059W	-0.10397841103820953	6.283679349317061	18	213.12	PTK2	0	3.253945585092073	11.150026572700499
1451	214.01	YJR059W	-0.7697280637256445	5.617929696629625	18	214.01	PTK2	0	3.8658717202482302	13.496173865924263
1452	217.08	YJR059W	0.40647180034159314	5.981185960013677	18	217.08	PTK2	0	10.283784263685952	35.97923778872007
1454	225.19	YJR059W	-0.2786512220058707	6.1090065383494	18	225.19	PTK2	0	3.778811805921499	13.064948786132117
1455	226.01	YJR059W	0.24673082140006217	6.140926938955208	18	226.01	PTK2	0	4.1053705292917675	15.545202898259603
1458	243.06	YJR059W	0.09428066014791313	6.2933771002073575	18	Uridine	PTK2	0	3.5251544692905434	10.463956411840167
1460	249.06	YJR059W	0.1529577496313174	6.2347000107239525	18	gamma-L-Glutamyl-L-cysteine	PTK2	0	3.3686746021333063	10.72645961982203
1462	266.09	YJR059W	-0.09132252837766854	6.296335231977602	18	266.09	PTK2	0	2.7502996197773775	9.157459554370108
1463	267.07	YJR059W	0.6789634261041169	5.708694334251153	18	Inosine	PTK2	0	8.639113574773484	27.407067030376254
1465	275.02	YJR059W	-0.03311017213071697	6.354547588224554	18	275.02	PTK2	0	3.9215565780590507	13.030645093288681
1467	279.23	YJR059W	-0.26938347641921284	6.118274283936057	18	Linoleate	PTK2	0	3.8860619867631074	12.678383016802297
1468	282.08	YJR059W	0.2509167415982566	6.1367410187570135	18	282.08	PTK2	0	4.047684761006301	13.036369128036549
1469	283.07	YJR059W	0.7145301539586878	5.673127606396583	18	283.07	PTK2	0	6.952629072031173	19.262428489453146
1470	285.05	YJR059W	0.012967371127727372	6.374690389227543	18	285.05	PTK2	0	4.35018616829183	15.245435995815962
1471	289.12	YJR059W	0.011572437143759247	6.376085323211511	18	N-(L-Arginino)succinate	PTK2	0	4.03080213340522	15.199817925569132
1472	312.06	YJR059W	0.8129223180506157	5.574735442304655	18	312.06	PTK2	0	9.085650456338525	27.355033712800463
1473	313.04	YJR059W	0.08391464512290796	6.303743115232362	18	313.04	PTK2	0	3.0292181282535604	11.050387139594553
1476	341.11	YJR059W	-0.19443140005033072	6.19322636030494	18	Sucrose	PTK2	1	6.6958715366359876	21.786173903558467
1477	347.04	YJR059W	0.2319301108334692	6.155727649521801	18	347.04	PTK2	0	3.1882522512016314	11.882259666332763
1478	365.05	YJR059W	0.04796646774905328	6.339691292606217	18	1-(5'-Phosphoribosyl)-5-formamido-4-imidazolecarboxamide	PTK2	0	3.1539881925881597	11.1044619334955
1479	387.0	YJR059W	0.6114091261680249	5.776248634187246	18	387.0	PTK2	0	9.477057233733175	32.29155699176109
1480	426.02	YJR059W	0.07520437812845283	6.312453382226817	18	ADP	PTK2	0	2.2755908148861295	7.980835795072569
1481	441.34	YJR059W	-0.459879584838462	5.927778175516808	18	4alpha-Methylzymosterol-4-carboxylate	PTK2	0	4.5194662549967	15.80054524850224
1484	505.99	YJR059W	0.2428776473000996	6.1447801130551705	18	ATP	PTK2	0	2.6984735535317768	9.94644604489608
1485	565.05	YJR059W	0.04429788671298622	6.343359873642284	18	UDP-glucose	PTK2	0	4.05684017110088	14.834972862812224
1486	606.07	YJR059W	0.24952292503719206	6.138134835318078	18	UDP-N-acetyl-D-glucosamine	PTK2	0	3.680462449742844	12.834367923143402
1488	662.1	YJR059W	0.10963018997778855	6.278027570377482	18	662.1	PTK2	0	2.936083977003348	11.283666434527278
1489	664.12	YJR059W	-0.04032377114474171	6.3473339892105285	18	NADH	PTK2	0	3.3036086205135566	11.314607714509357
1494	762.07	YJR059W	-0.033989138487174574	6.353668621868096	18	762.07	PTK2	0	3.626938871532223	13.381933234724803
1495	766.11	YJR059W	-0.392688678186329	5.994969082168941	18	766.11	PTK2	0	4.747263095931905	15.678984867027404
1496	835.04	YJR059W	-0.340590434844968	6.0470673255103025	18	835.04	PTK2	0	3.068900888395181	10.181656250859007
1497	91.04	YJR059W	-0.15063952581243548	6.237018234542835	18	Glycerol	PTK2	0	3.9040910528883193	14.22221496004539
1507	131.08	YJR066W	-0.2599076954571686	6.127750064898102	18	L-Ornithine	TOR1	1	3.622672190923339	12.71669571756143
1510	135.03	YJR066W	-0.20350045938727981	6.18415730096799	18	Hypoxanthine	TOR1	0	4.207867862932125	15.32755027551941
1513	151.03	YJR066W	-0.27948873202192276	6.108169028333347	18	151.03	TOR1	0	4.133196746324338	15.658432262319705
1514	154.06	YJR066W	-0.18514426027963468	6.202513500075636	18	L-Histidine	TOR1	1	3.7680228710534247	14.737815377306253
1515	171.01	YJR066W	0.025991668978049137	6.361666091377221	18	sn-Glycerol 3-phosphate	TOR1	0	4.526582689441074	16.427515888492554
1517	173.1	YJR066W	-0.311907174426828	6.075750585928442	18	L-Arginine	TOR1	1	3.6502402509731806	12.423796061361179
1522	188.06	YJR066W	0.3751961598214711	6.012461600533799	18	N-Acetyl-L-glutamate	TOR1	0	6.973132458609549	23.558005048215087
1529	225.19	YJR066W	0.4020047447806643	5.985653015574606	18	225.19	TOR1	0	3.0463991032743176	11.068788722650307
1533	243.06	YJR066W	-0.44714920530566205	5.940508555049608	18	Uridine	TOR1	0	3.119274413462934	11.459564212099169
1536	263.1	YJR066W	0.06278932070558883	6.3248684396496815	18	alpha-N-Phenylacetyl-L-glutamine	TOR1	0	4.10650149607492	14.941800669899099
1538	267.07	YJR066W	-0.1430257902452601	6.24463197011001	18	Inosine	TOR1	0	7.738445139567404	24.44815403968837
1542	279.23	YJR066W	0.14582316888715965	6.241834591468111	18	Linoleate	TOR1	0	3.4666411962336663	12.671736925360461
1543	282.08	YJR066W	-0.7764902550577277	5.6111675052975425	18	282.08	TOR1	0	3.5944938204299723	12.946997135983773
1544	283.07	YJR066W	-0.33376239189973	6.0538953684555405	18	283.07	TOR1	0	7.0849163823511345	21.465560727580158
1552	347.04	YJR066W	0.003059169403359945	6.38459859095191	18	347.04	TOR1	0	4.796767928006838	18.40295642587283
1556	441.34	YJR066W	0.6790243248406957	5.7086334355145745	18	4alpha-Methylzymosterol-4-carboxylate	TOR1	0	3.3955498799349253	11.316166657431296
1557	453.07	YJR066W	0.08356787655399263	6.304089883801278	18	453.07	TOR1	0	4.570042478698261	17.37357741802628
1559	505.99	YJR066W	-0.11329610256393527	6.274361657791335	18	ATP	TOR1	0	3.027338681677149	11.309480330001811
1561	606.07	YJR066W	-0.05682855677271836	6.330829203582552	18	UDP-N-acetyl-D-glucosamine	TOR1	1	2.952647745126679	10.417551156144008
1567	716.26	YJR066W	-0.33454909232507574	6.053108668030195	18	716.26	TOR1	0	7.143123808981543	22.118851876161532
1579	128.04	YKL126W	-0.3363474709597359	6.051310289395534	18	4-Oxoproline	YPK1	0	5.664962214802944	19.30031219065182
1582	131.08	YKL126W	-0.32759581442668273	6.060061945928587	18	L-Ornithine	YPK1	0	4.145894442001346	12.5785743932189
1583	132.03	YKL126W	-0.30350017078972624	6.084157589565544	18	L-Aspartate	YPK1	0	4.570501567772382	15.151131760516213
1585	135.03	YKL126W	-0.5535173375289179	5.834140422826352	18	Hypoxanthine	YPK1	0	4.069140992371394	12.191412816999085
1586	145.05	YKL126W	-0.562566832368879	5.825090927986391	18	145.05	YPK1	0	2.7351318203167296	8.93649038306965
1588	151.03	YKL126W	-1.4471908414357069	4.940466918919563	18	151.03	YPK1	0	4.043674718705322	13.127409234041444
1589	154.06	YKL126W	-0.27444338986230166	6.113214370492969	18	L-Histidine	YPK1	0	3.441314622396635	10.949151999874356
1590	171.01	YKL126W	0.1273203864232082	6.260337373932062	18	sn-Glycerol 3-phosphate	YPK1	0	2.1434089543014556	7.9345210821648395
1592	173.1	YKL126W	-0.256467864178655	6.131189896176616	18	L-Arginine	YPK1	0	3.751058050019784	11.26476893212256
1594	179.06	YKL126W	0.7741024400887635	5.6135553202665065	18	D-Glucose	YPK1	0	2.0090853890533222	6.614529009188153
1595	182.97	YKL126W	0.6866734718833141	5.700984288471956	18	182.97	YPK1	0	1.5613601404603077	5.392914767501449
1596	187.02	YKL126W	0.14123212201733146	6.246425638337938	18	(Z)-But-1-ene-1,2,4-tricarboxylate	YPK1	0	1.9501406103387524	6.48890031046987
1599	205.04	YKL126W	0.022031403979206228	6.3656263563760636	18	Lipoate	YPK1	0	3.357089516790751	12.201434827604047
1600	213.12	YKL126W	-0.36621344379553966	6.02144431655973	18	213.12	YPK1	0	2.697049568399689	9.542995317477086
1601	214.01	YKL126W	-0.09421426447800066	6.29344349587727	18	214.01	YPK1	0	3.587181173253274	11.095491980090202
1606	237.03	YKL126W	-0.26282731798909037	6.1248304423661795	18	D-erythro-1-(Imidazol-4-yl)glycerol 3-phosphate	YPK1	0	4.352251873641863	14.503806664984516
1607	241.08	YKL126W	-0.524954572532773	5.862703187822497	18	241.08	YPK1	0	4.698617825197564	15.681460685607426
1608	243.06	YKL126W	-0.45525334656788796	5.932404413787382	18	Uridine	YPK1	0	3.0136628793218567	9.86002826472691
1609	245.0	YKL126W	-0.07358042781891215	6.314077332536358	18	245.0	YPK1	0	2.660568895548012	9.359147682440794
1610	249.06	YKL126W	-0.6723684536905523	5.715289306664718	18	gamma-L-Glutamyl-L-cysteine	YPK1	0	3.732224510908798	11.331413584305754
1611	263.1	YKL126W	0.11774704560604332	6.269910714749227	18	alpha-N-Phenylacetyl-L-glutamine	YPK1	0	2.0745341895802287	6.985578567548563
1612	266.09	YKL126W	-0.04948414453318314	6.338173615822087	18	266.09	YPK1	0	3.3563142790875022	12.889827255591303
1613	267.07	YKL126W	-1.1498176626262928	5.237840097728977	18	Inosine	YPK1	0	8.799503144568503	24.753800240027445
1614	268.02	YKL126W	-0.6206759624422999	5.766981797912971	18	268.02	YPK1	0	3.144443423066633	10.837233027349184
1619	283.07	YKL126W	-1.0654471449048484	5.322210615450421	18	283.07	YPK1	0	7.593882341471301	18.78374278106684
1620	285.05	YKL126W	-0.6301200169386331	5.757537743416637	18	285.05	YPK1	0	4.701264841742225	15.574435442973048
1621	289.12	YKL126W	-0.6418427508377592	5.745815009517511	18	N-(L-Arginino)succinate	YPK1	0	3.9554287195549684	13.310505147447783
1622	312.06	YKL126W	-0.7366501552149332	5.651007605140337	18	312.06	YPK1	0	9.944340847132946	29.864128248828795
1623	313.04	YKL126W	-0.8350675496750911	5.552590210680179	18	313.04	YPK1	0	3.8898640766234713	13.903641787197408
1626	341.11	YKL126W	-0.18027419205934578	6.207383568295924	18	Sucrose	YPK1	0	5.6205600672084906	17.17385094829594
1627	347.04	YKL126W	-0.0002846792024663172	6.387373081152804	18	347.04	YPK1	0	4.290563080642851	16.24158806488009
1628	365.05	YKL126W	-0.14279592148533754	6.244861838869933	18	1-(5'-Phosphoribosyl)-5-formamido-4-imidazolecarboxamide	YPK1	0	2.577765356612436	7.853142544438732
1630	426.02	YKL126W	-0.26467916306931705	6.122978597285953	18	ADP	YPK1	0	2.492520456697732	9.187633702806218
1631	441.34	YKL126W	0.19106408203555547	6.196593678319715	18	4alpha-Methylzymosterol-4-carboxylate	YPK1	0	2.1571587125006193	7.9489686188131845
1632	453.07	YKL126W	-0.8127819841700704	5.5748757761852	18	453.07	YPK1	0	5.028344771362438	17.812944827084447
1633	503.0	YKL126W	-0.5134271841839687	5.874230576171302	18	503.0	YPK1	0	3.2184968886229557	10.469152388682636
1634	505.99	YKL126W	-0.24252139562265781	6.145136364732612	18	ATP	YPK1	0	2.75602839688845	9.467530653174252
1635	565.05	YKL126W	-0.01032319430666373	6.3773345660486065	18	UDP-glucose	YPK1	0	2.7581292348044903	8.836522375595468
1636	606.07	YKL126W	-0.7833866222063767	5.604271138148894	18	UDP-N-acetyl-D-glucosamine	YPK1	0	3.394047879919137	10.568529640850338
1637	611.15	YKL126W	-1.0610627816691314	5.326594978686138	18	Glutathione disulfide	YPK1	0	3.7038798989923873	12.703045627543183
1639	664.12	YKL126W	-0.1396008650228102	6.24805689533246	18	NADH	YPK1	0	2.433425310213999	8.765365780192809
1641	694.67	YKL126W	0.07155742733212847	6.316100333023142	18	694.67	YPK1	0	3.373095501554843	11.423864063661377
1642	716.26	YKL126W	0.8519728223585942	5.535684937996676	18	716.26	YPK1	0	5.551191570713579	14.494356118183164
1643	742.07	YKL126W	-0.1004335960485451	6.287224164306725	18	742.07	YPK1	0	2.4914930964699358	8.676486233263464
1644	762.07	YKL126W	-0.06482160280484991	6.32283615755042	18	762.07	YPK1	0	3.222722581707646	10.581026414415689
1645	766.11	YKL126W	-0.7586329412693273	5.629024819085943	18	766.11	YPK1	0	3.9020205523981817	11.21439733317096
1647	91.04	YKL126W	0.29580772648365933	6.091850033871611	18	Glycerol	YPK1	0	1.9101807599890324	6.30841214090633
1648	920.24	YKL126W	1.1612569956132026	5.226400764742068	18	920.24	YPK1	0	11.95236189206518	31.926546174599686
1649	994.3	YKL126W	0.313462816867827	6.074194943487443	18	994.3	YPK1	0	7.144112712704947	18.456682091207092
1736	145.05	YKL198C	0.44895072942893677	5.9387070309263335	18	145.05	PTK1	0	1.8643862680609795	6.547713639243623
1746	187.02	YKL198C	0.022395980392305434	6.365261779962965	18	(Z)-But-1-ene-1,2,4-tricarboxylate	PTK1	0	1.9314623257236108	6.813078031685555
1753	218.03	YKL198C	0.9480046527059841	5.439653107649286	18	218.03	PTK1	0	2.657339923104001	8.839375209980227
1763	267.07	YKL198C	-0.8311460679077395	5.556511692447531	18	Inosine	PTK1	0	8.38167910178236	23.91954312016884
1767	279.23	YKL198C	0.03582243295374446	6.351835327401526	18	Linoleate	PTK1	0	2.0227261057097987	6.834878493137266
1776	341.11	YKL198C	0.6049498086783195	5.782707951676951	18	Sucrose	PTK1	0	5.752394900601651	17.28932759001317
1791	694.67	YKL198C	0.7302217504161358	5.6574360099391345	18	694.67	PTK1	0	3.6141468419576936	12.344246055843849
1800	104.04	YLL010C	0.7253602030179542	5.662297557337316	18	104.04	PSR1	0	4.020663128326521	14.010156950469295
1803	127.05	YLL010C	-0.22276237702342472	6.164895383331846	18	5,6-Dihydrothymine	PSR1	0	10.748044804182404	36.502904096058415
1805	129.1	YLL010C	0.04247642810319222	6.345181332252078	18	129.1	PSR1	0	2.360449155213059	8.854964490562988
1812	145.06	YLL010C	-0.4634576865398537	5.924200073815417	18	L-Glutamine	PSR1	0	10.882992085898653	36.52931559680542
1821	187.02	YLL010C	-0.22846186185735767	6.159195898497913	18	(Z)-But-1-ene-1,2,4-tricarboxylate	PSR1	0	3.343163058295602	11.294866131948899
1823	191.02	YLL010C	-0.3905990650840643	5.997058695271206	18	Citrate	PSR1	0	4.2732984772389555	13.122339466933859
1824	205.04	YLL010C	-0.2691564488993574	6.118501311455913	18	Lipoate	PSR1	0	4.638998110917751	15.940612395141915
1825	213.12	YLL010C	0.3215994204557243	6.066058339899546	18	213.12	PSR1	0	1.808460966084203	6.46046144925538
1826	214.01	YLL010C	1.5996481299372802	4.78800963041799	18	214.01	PSR1	0	3.746193809448987	12.598185783262972
1827	217.08	YLL010C	-0.17277941610450154	6.214878344250769	18	217.08	PSR1	0	10.880432038654696	36.52271340058843
1833	243.06	YLL010C	-0.4969813728705443	5.890676387484726	18	Uridine	PSR1	0	2.6601259359053895	8.187992890090618
1835	249.06	YLL010C	0.10702903873417376	6.280628721621096	18	gamma-L-Glutamyl-L-cysteine	PSR1	0	2.9111002697174495	9.806648260429416
1837	266.09	YLL010C	0.16696286046260136	6.220694899892669	18	266.09	PSR1	0	3.5912635385245197	12.683221665314226
1841	275.12	YLL010C	0.6099980170551524	5.777659743300118	18	275.12	PSR1	0	3.6103154737675602	13.829033521548121
1843	282.08	YLL010C	-0.5939867846465433	5.793670975708727	18	282.08	PSR1	0	3.1956798098893753	10.13237762570544
1852	347.04	YLL010C	0.046449412903054675	6.341208347452215	18	347.04	PSR1	0	4.310852050768939	16.984886185457004
1858	503.0	YLL010C	0.0992581742104518	6.288399586144818	18	503.0	PSR1	0	2.489059172407155	8.803297293778618
1862	611.15	YLL010C	0.06547693230115381	6.322180828054116	18	Glutathione disulfide	PSR1	0	3.09994374429022	9.968762617604666
1863	662.1	YLL010C	0.20541801268018003	6.18223974767509	18	662.1	PSR1	0	2.2940042855675165	8.832620716008664
1867	716.26	YLL010C	-1.2900463812955074	5.097611379059763	18	716.26	PSR1	0	6.531648734404292	18.934208008665962
1868	742.07	YLL010C	0.11859098453116464	6.269066775824106	18	742.07	PSR1	0	2.1897616295548836	8.048093302108837
1869	762.07	YLL010C	0.1538832331435192	6.233774527211751	18	762.07	PSR1	0	2.499088585712298	8.325550439711844
1870	766.11	YLL010C	0.004342081630698774	6.383315678724571	18	766.11	PSR1	0	2.7964784251394286	8.063833389315525
1873	920.24	YLL010C	-0.9196183265227947	5.468039433832476	18	920.24	PSR1	0	13.080016008471214	35.75102268472073
1874	994.3	YLL010C	-2.399018459840168	3.988639300515102	18	994.3	PSR1	0	8.458003037106813	23.91577732050099
1878	127.05	YLL019C	-0.25962077065658534	6.128036989698685	18	5,6-Dihydrothymine	KNS1	0	11.508942777167553	38.67636107772782
1887	145.06	YLL019C	-0.5392408864591289	5.8484168738961415	18	L-Glutamine	KNS1	0	11.665864223451013	39.24186926962128
1896	187.02	YLL019C	-0.16647269064527087	6.22118506971	18	(Z)-But-1-ene-1,2,4-tricarboxylate	KNS1	0	4.326429019193805	12.96036207345544
1897	188.06	YLL019C	-0.13205693118026418	6.255600829175006	18	N-Acetyl-L-glutamate	KNS1	0	7.912087919449496	27.106882706134492
1899	205.04	YLL019C	-0.4765918327455718	5.911065927609698	18	Lipoate	KNS1	0	5.772047433007439	18.091049958900157
1901	214.01	YLL019C	0.18897975053346108	6.198678009821809	18	214.01	KNS1	0	4.003443684132533	13.698199785058108
1908	243.06	YLL019C	0.011706005512072385	6.375951754843197	18	Uridine	KNS1	0	2.1112232720650237	7.707422039270086
1916	275.12	YLL019C	-0.1345384247120918	6.253119335643178	18	275.12	KNS1	0	5.1105453777590695	17.92779050107059
1918	282.08	YLL019C	0.23734795333725858	6.1503098070180116	18	282.08	KNS1	0	2.4944909384473486	8.018112384766152
1923	313.04	YLL019C	-0.1996563364033387	6.188001423951931	18	313.04	KNS1	0	4.297725584947636	16.58940761034825
1925	338.99	YLL019C	-0.7884497771116219	5.599207983243648	18	D-Fructose 1,6-bisphosphate	KNS1	0	4.080594694198058	11.816575338242302
1939	664.12	YLL019C	-0.17323000836545605	6.214427751989814	18	NADH	KNS1	0	3.2124926060952594	11.04763866935755
1942	716.26	YLL019C	-0.5832794849919727	5.804378275363297	18	716.26	KNS1	0	7.424812654377381	20.537481032060747
1948	920.24	YLL019C	-4.108551453398382	2.279106306956888	18	920.24	KNS1	0	13.79601457502118	38.31710748472718
1949	994.3	YLL019C	-2.482314410246346	3.9053433501089243	18	994.3	KNS1	0	9.050431031952629	25.573792453421312
1952	115.0	YLR113W	-0.09762084338739567	6.290036916967875	18	Fumarate	HOG1	0	3.245703906493985	9.163045357886153
1953	127.05	YLR113W	0.0027081224207148253	6.384949637934556	18	5,6-Dihydrothymine	HOG1	0	11.148717387225677	36.8361984385795
1955	129.1	YLR113W	0.0023375672978950524	6.3853201930573755	18	129.1	HOG1	0	2.995022732020733	11.15992332123432
1956	131.05	YLR113W	0.10276243424677398	6.284895326108496	18	131.05	HOG1	0	3.6365470708060443	13.199258894657977
1958	132.03	YLR113W	-0.09766709115892658	6.289990669196344	18	L-Aspartate	HOG1	0	3.759353641766782	11.67656689863575
1959	133.01	YLR113W	-0.15291503468416928	6.234742725671101	18	(S)-Malate	HOG1	0	4.002229523469178	11.72694075644687
1960	135.03	YLR113W	-0.04586041013149507	6.341797350223775	18	Hypoxanthine	HOG1	0	3.7150820535421873	11.212970245179763
1961	145.05	YLR113W	-0.10213392702024489	6.285523833335025	18	145.05	HOG1	0	3.1345274475963514	10.301897245715447
1963	151.03	YLR113W	-0.06151596651763769	6.326141793837633	18	151.03	HOG1	0	3.849003811347639	12.340687836808819
1967	173.1	YLR113W	-0.020948877470425058	6.366708882884845	18	L-Arginine	HOG1	0	2.965505597488919	9.228200162041091
1970	182.97	YLR113W	0.026009944921254677	6.361647815434016	18	182.97	HOG1	0	2.4842003366662473	8.661564778397718
1975	213.12	YLR113W	-0.1767340703369522	6.210923690018318	18	213.12	HOG1	0	2.945432044363666	10.483332700552262
1976	214.01	YLR113W	-0.1418159628900374	6.245841797465233	18	214.01	HOG1	0	4.252836896368721	13.235199341435836
1978	218.03	YLR113W	-0.17715535074332034	6.21050240961195	18	218.03	HOG1	0	3.6731394574541025	12.238922544635612
1981	237.03	YLR113W	-0.19466747862476266	6.192990281730507	18	D-erythro-1-(Imidazol-4-yl)glycerol 3-phosphate	HOG1	0	4.797527105180303	16.27549768124687
1982	241.08	YLR113W	-0.14408704221427815	6.243570718140992	18	241.08	HOG1	0	4.985514373708094	16.89990134403927
1983	243.06	YLR113W	-0.0755645545929677	6.312093205762302	18	Uridine	HOG1	0	2.8156025533549074	9.324422481742669
1986	263.1	YLR113W	-0.08656194201388334	6.301095818341387	18	alpha-N-Phenylacetyl-L-glutamine	HOG1	0	2.981699572680151	10.430960756032531
1988	267.07	YLR113W	-0.30415816536534485	6.0834995949899255	18	Inosine	HOG1	0	8.183825886535745	22.979933991854843
1993	282.08	YLR113W	0.03636793512956647	6.351289825225704	18	282.08	HOG1	0	2.906281485687688	9.373978801946821
1995	285.05	YLR113W	-0.13819153885954336	6.249466221495727	18	285.05	HOG1	0	4.8697846511203275	16.483110060520556
1996	289.12	YLR113W	-0.008178248671420214	6.37947951168385	18	N-(L-Arginino)succinate	HOG1	0	3.8894226390567734	12.867575098613521
1999	337.06	YLR113W	-0.15694578347258537	6.230711976882684	18	337.06	HOG1	0	3.424454860931777	13.18420659765618
2000	338.99	YLR113W	0.08143492396799837	6.306222836387271	18	D-Fructose 1,6-bisphosphate	HOG1	0	2.8440638795893447	9.561356725623982
2002	347.04	YLR113W	-0.12768100143354422	6.259976758921726	18	347.04	HOG1	0	4.927116594948415	18.949128327145623
2003	365.05	YLR113W	-0.04097774286676218	6.346680017488508	18	1-(5'-Phosphoribosyl)-5-formamido-4-imidazolecarboxamide	HOG1	0	2.734663748945269	9.118587369792376
2007	453.07	YLR113W	-0.04791703267362376	6.339740727681646	18	453.07	HOG1	0	5.309659162597825	18.9467617381476
2012	611.15	YLR113W	-0.5526733060314045	5.834984454323866	18	Glutathione disulfide	HOG1	0	4.061642172557006	12.553313484519338
2015	679.31	YLR113W	-0.6662129132397526	5.721444847115517	18	679.31	HOG1	0	5.22242987112645	17.102772710709925
2016	694.67	YLR113W	-0.216399326685213	6.171258433670057	18	694.67	HOG1	0	4.453703832203992	14.780664255911475
2018	742.07	YLR113W	0.029878019628176277	6.357779740727094	18	742.07	HOG1	0	2.828785959031606	11.065211974040416
2022	91.04	YLR113W	0.0622031684716527	6.325454591883617	18	Glycerol	HOG1	1	2.7006608094955458	8.955905393729589
2023	920.24	YLR113W	-0.47733660313596243	5.9103211572193075	18	920.24	HOG1	0	12.702920836506108	35.99690209714119
2028	127.05	YLR240W	-0.8959616000686984	5.491696160286572	18	5,6-Dihydrothymine	VPS34	0	12.71068168714055	42.371218328215214
2029	128.04	YLR240W	-0.28743045379805593	6.100227306557215	18	4-Oxoproline	VPS34	0	7.032441700484188	24.57356184290827
2030	129.1	YLR240W	-0.2564576084415495	6.1312001519137205	18	129.1	VPS34	0	4.3462167229610325	16.624505389798585
2035	135.03	YLR240W	0.033766009273014805	6.353891751082255	18	Hypoxanthine	VPS34	0	4.594992312317008	14.682020929403482
2037	145.06	YLR240W	-0.7220681525788197	5.66558960777645	18	L-Glutamine	VPS34	0	12.802868590146737	42.79157806755019
2041	173.09	YLR240W	-0.5845967204763091	5.803061039878961	18	173.09	VPS34	0	5.539815079367156	20.42672622285942
2043	174.09	YLR240W	-0.013571974662715279	6.374085785692555	18	174.09	VPS34	0	5.699410199695042	19.00815918972713
2047	188.06	YLR240W	-0.31912453765832005	6.06853322269695	18	N-Acetyl-L-glutamate	VPS34	0	8.644495005018582	30.77614624510152
2048	191.02	YLR240W	0.39515813068986316	5.992499629665407	18	Citrate	VPS34	0	2.7117390207132774	9.602758029932565
2052	217.08	YLR240W	-0.42672241723921445	5.960935343116056	18	217.08	VPS34	0	12.835544532367523	43.837467107148576
2055	226.01	YLR240W	-0.1274396342853445	6.260218126069926	18	226.01	VPS34	0	6.832842857620787	25.071688371605354
2056	237.03	YLR240W	-0.43561858790433255	5.952039172450938	18	D-erythro-1-(Imidazol-4-yl)glycerol 3-phosphate	VPS34	0	5.816124608956812	21.74077147603212
2057	241.08	YLR240W	-0.19316275439936945	6.1944950059559005	18	241.08	VPS34	0	5.989758703761992	22.144764698739362
2059	245.0	YLR240W	-0.31756939284705676	6.070088367508213	18	245.0	VPS34	0	4.368741842172863	16.735999032887758
2064	268.02	YLR240W	-0.2058078266759018	6.181849933679368	18	268.02	VPS34	0	4.284889060842417	15.850160802223968
2068	282.08	YLR240W	0.0853836325045699	6.3022741278507	18	282.08	VPS34	0	3.254309816217483	12.300302751917116
2070	285.05	YLR240W	-0.2684413894857714	6.119216370869498	18	285.05	VPS34	0	5.852881449337659	20.929857046349802
2071	289.12	YLR240W	-0.21038884790762022	6.17726891244765	18	N-(L-Arginino)succinate	VPS34	0	4.658438003182562	16.086803393437147
2076	341.11	YLR240W	0.9022258629654231	5.485431897389847	18	Sucrose	VPS34	0	4.717288242305362	15.479845477712372
2079	387.0	YLR240W	-0.8230584261081382	5.5645993342471325	18	387.0	VPS34	0	11.750894215236196	38.49067087930818
2082	453.07	YLR240W	-0.28373469169882204	6.1039230686564485	18	453.07	VPS34	0	6.557388845342639	25.061473548048582
2083	503.0	YLR240W	-0.00969199778055328	6.377965762574717	18	503.0	VPS34	0	4.4156198682177115	15.764318430932219
2088	662.1	YLR240W	-0.0949051220030422	6.292752638352228	18	662.1	VPS34	0	4.403704618530312	16.727469343626616
2093	742.07	YLR240W	-0.23450728001442728	6.153150480340843	18	742.07	VPS34	0	4.1582552533346595	16.284323810226255
2096	835.04	YLR240W	-0.0840223548641753	6.303635405491095	18	835.04	VPS34	0	4.185204336785733	16.22402387795413
2157	453.07	YLR248W	0.16481202678567103	6.222845733569599	18	453.07	RCK2	0	4.163710359983312	16.268533536538452
2162	611.15	YLR248W	1.155308354638592	5.232349405716678	18	Glutathione disulfide	RCK2	0	2.9377909700902824	10.434492082135725
2175	104.04	YML057W	0.025479461603022207	6.362178298752248	18	104.04	CMP2	0	3.3649427886201577	10.673048267160512
2176	114.06	YML057W	0.08558672317116965	6.302071037184101	18	L-Proline	CMP2	0	6.579765628046701	22.918825426166954
2177	115.0	YML057W	0.20769957962150945	6.1799581807337605	18	Fumarate	CMP2	0	3.7941953590072117	13.75164097734322
2179	128.04	YML057W	-0.04904889429816326	6.338608866057107	18	4-Oxoproline	CMP2	0	4.125307046180208	15.048792755845772
2181	131.05	YML057W	-0.338137815843145	6.0495199445121255	18	131.05	CMP2	0	3.9227565997461635	13.96477767656026
2183	132.03	YML057W	-0.22692736133191244	6.1607303990233575	18	L-Aspartate	CMP2	0	5.533889986795332	19.769395139742652
2184	133.01	YML057W	0.36255746106097864	6.025100299294292	18	(S)-Malate	CMP2	0	4.143330584895772	14.534654697535839
2185	135.03	YML057W	-0.37663560637161814	6.011022153983652	18	Hypoxanthine	CMP2	0	3.9754889417817854	14.020536394377007
2187	145.06	YML057W	-0.05550157776551826	6.332156182589752	18	L-Glutamine	CMP2	1	9.67077176671998	33.28617595667508
2188	151.03	YML057W	-0.22039226072614154	6.167265499629129	18	151.03	CMP2	0	3.8699717464806196	14.828926614464232
2189	154.06	YML057W	-0.3248117478433942	6.062846012511876	18	L-Histidine	CMP2	0	3.3500258225575266	12.561263525196084
2190	171.01	YML057W	0.26140950198606894	6.126248258369201	18	sn-Glycerol 3-phosphate	CMP2	0	4.2527440659095594	13.598117461110652
2192	173.1	YML057W	-0.3299505219090897	6.057707238446181	18	L-Arginine	CMP2	0	4.4595656711792655	14.454925800004677
2194	179.06	YML057W	-0.023151889285957326	6.364505871069313	18	D-Glucose	CMP2	0	4.656747246174612	14.852604989523911
2195	182.97	YML057W	-0.2686437472466776	6.119014013108592	18	182.97	CMP2	0	4.256155901499673	14.506786780371726
2197	188.06	YML057W	-0.14201223650657183	6.245645523848698	18	N-Acetyl-L-glutamate	CMP2	0	6.113221107009675	17.487279935489948
2199	205.04	YML057W	0.06626056694438714	6.321397193410883	18	Lipoate	CMP2	0	4.411886332762894	15.89420895012134
2201	214.01	YML057W	-0.2668917630544808	6.120765997300789	18	214.01	CMP2	0	4.526083927436345	15.332496046193741
2203	218.03	YML057W	-0.2569505340131892	6.130707226342081	18	218.03	CMP2	0	4.76483192774281	15.975534665462007
2204	225.19	YML057W	-0.2841388691393442	6.103518891215926	18	225.19	CMP2	0	3.859320497650921	13.46805762736271
2205	226.01	YML057W	-0.06814750714207722	6.319510253213193	18	226.01	CMP2	0	4.111652184195759	12.916809110889504
2207	241.08	YML057W	0.14678181020322745	6.240875950152043	18	241.08	CMP2	0	2.9005550075570428	9.948837264902375
2208	243.06	YML057W	-0.2544099196417143	6.1332478407135556	18	Uridine	CMP2	0	3.5999515554097714	11.743949232239018
2210	249.06	YML057W	-0.18869978739886667	6.1989579729564035	18	gamma-L-Glutamyl-L-cysteine	CMP2	0	3.2438907038788303	11.486049914811925
2211	263.1	YML057W	-0.34140668676894004	6.04625107358633	18	alpha-N-Phenylacetyl-L-glutamine	CMP2	0	4.391881493674881	14.315674768609343
2212	266.09	YML057W	0.27621771414968177	6.111440046205589	18	266.09	CMP2	0	2.9742964642648357	9.718809794231111
2216	275.12	YML057W	0.108617325383078	6.279040434972192	18	275.12	CMP2	0	3.0729315160623645	11.326036681374202
2217	279.23	YML057W	-0.39233856907472936	5.995319191280541	18	Linoleate	CMP2	0	4.29884398936348	15.660074871157246
2218	282.08	YML057W	-0.10562039048408789	6.282037369871182	18	282.08	CMP2	0	4.144502271532168	13.715507368486707
2220	285.05	YML057W	0.11155715341718583	6.276100606938084	18	285.05	CMP2	0	2.7668770382493886	9.441446188571138
2224	337.06	YML057W	0.2343316265490763	6.1533261338061935	18	337.06	CMP2	0	2.3423504450685844	7.977631268974987
2225	338.99	YML057W	0.21242974996485628	6.175228010390414	18	D-Fructose 1,6-bisphosphate	CMP2	1	3.263744783263959	12.34050908028372
2228	365.05	YML057W	-0.19147774434299536	6.196180016012275	18	1-(5'-Phosphoribosyl)-5-formamido-4-imidazolecarboxamide	CMP2	0	3.228971030888184	10.304107258294987
2230	426.02	YML057W	0.09930020786853336	6.288357552486737	18	ADP	CMP2	0	2.153225615593823	8.029574285512153
2231	441.34	YML057W	-0.5644831060642883	5.823174654290982	18	4alpha-Methylzymosterol-4-carboxylate	CMP2	0	4.409168464965671	16.149133023751887
2232	453.07	YML057W	0.0906066640313058	6.2970510963239645	18	453.07	CMP2	0	3.5954955695723316	12.101867915351542
2236	606.07	YML057W	-0.22471029556086491	6.162947464794406	18	UDP-N-acetyl-D-glucosamine	CMP2	0	3.3584898956245426	11.490458818145942
2237	611.15	YML057W	-0.1317235441485952	6.255934216206675	18	Glutathione disulfide	CMP2	0	3.8415567509646693	12.871476522312262
2238	662.1	YML057W	0.010336372912544321	6.377321387442726	18	662.1	CMP2	0	1.9850673770804423	7.222332173906704
2239	664.12	YML057W	0.07416498257709046	6.31349277777818	18	NADH	CMP2	0	2.018964507754298	6.9792239902630575
2240	679.31	YML057W	-0.08560985825512295	6.302047902100147	18	679.31	CMP2	0	5.243875921880943	17.329793751229833
2241	694.67	YML057W	-0.09413227756317402	6.293525482792096	18	694.67	CMP2	0	5.599583532281308	17.957854620873096
2242	716.26	YML057W	0.055092955882727786	6.332564804472542	18	716.26	CMP2	0	6.465072588875585	18.973474926088556
2243	742.07	YML057W	0.07293727665305164	6.314720483702218	18	742.07	CMP2	0	2.1777703861820443	7.506343409499613
2245	766.11	YML057W	0.020816877246872423	6.366840883108398	18	766.11	CMP2	0	3.1853211609055365	10.411994793747034
2251	114.06	YMR001C	-0.9668593355352598	5.420798424820011	18	L-Proline	CDC5	0	5.623105998370341	18.619195352219833
2252	115.0	YMR001C	-0.48656480728527945	5.901092953069991	18	Fumarate	CDC5	0	3.293672040900093	10.322963976945084
2253	127.05	YMR001C	0.22607037120117723	6.161587389154093	18	5,6-Dihydrothymine	CDC5	0	10.466766972559599	34.76628039651071
2254	128.04	YMR001C	0.022589738149574018	6.365068022205696	18	4-Oxoproline	CDC5	0	4.971863784254712	16.837522609515908
2256	131.05	YMR001C	0.11065034158579405	6.277007418769476	18	131.05	CDC5	0	3.0852104446861093	11.146609272878713
2258	132.03	YMR001C	-0.4400917665441771	5.947565993811093	18	L-Aspartate	CDC5	0	4.234463545997711	14.466677122463825
2259	133.01	YMR001C	-0.5797268292957621	5.807930931059508	18	(S)-Malate	CDC5	0	4.114078691928755	12.924713025168796
2262	145.06	YMR001C	0.33243942790110215	6.055218332454168	18	L-Glutamine	CDC5	0	10.507743000928885	34.79269189725769
2267	173.1	YMR001C	-0.4496614600167687	5.937996300338502	18	L-Arginine	CDC5	0	3.327341247905371	11.489236781848103
2268	174.09	YMR001C	0.28618782156743927	6.101469938787831	18	174.09	CDC5	0	3.524427127973563	11.18979946882263
2271	187.02	YMR001C	0.24492787548022163	6.142729884875049	18	(Z)-But-1-ene-1,2,4-tricarboxylate	CDC5	0	2.200426674905398	7.898964010333796
2272	188.06	YMR001C	0.5385495700548257	5.849108190300445	18	N-Acetyl-L-glutamate	CDC5	0	6.023603830840002	21.44188633516254
2274	205.04	YMR001C	0.2871141674190456	6.100543592936225	18	Lipoate	CDC5	0	3.6153466840863966	12.873957751876333
2277	217.08	YMR001C	0.6643392855480763	5.7233184748071935	18	217.08	CDC5	0	10.580941972357271	34.909892608882586
2278	218.03	YMR001C	-0.4232421336346217	5.9644156267206485	18	218.03	CDC5	0	3.115806698129585	10.623282070332694
2279	225.19	YMR001C	-0.3217765836459045	6.065881176709365	18	225.19	CDC5	0	2.268259427836763	7.512472570201153
2280	226.01	YMR001C	0.22420447915875716	6.163453281196513	18	226.01	CDC5	0	4.404690808115245	15.802046127926882
2293	282.08	YMR001C	-0.08768290827652424	6.299974852078746	18	282.08	CDC5	0	3.0393860619847106	9.558191353684524
2303	365.05	YMR001C	-0.3852715413524904	6.00238621900278	18	1-(5'-Phosphoribosyl)-5-formamido-4-imidazolecarboxamide	CDC5	0	2.266810662601412	7.7038146664261635
2310	565.05	YMR001C	-0.3055849331223253	6.0820728272329445	18	UDP-glucose	CDC5	0	2.8480052187390483	10.294334463808951
2312	611.15	YMR001C	-0.09693500983137265	6.290722750523898	18	Glutathione disulfide	CDC5	0	3.196996813849415	11.622574519375036
2314	664.12	YMR001C	0.025768475351559662	6.361889285003711	18	NADH	CDC5	0	1.9270346776497167	6.537636989422317
2315	679.31	YMR001C	0.6603172988741306	5.727340461481139	18	679.31	CDC5	0	4.0985293346579255	14.618115339076839
2317	716.26	YMR001C	0.549506555692194	5.838151204663077	18	716.26	CDC5	0	5.666997911070339	14.826001218679295
2326	114.06	YNL032W	-0.4354741153853546	5.9521836449699155	18	L-Proline	SIW14	0	7.7592586349233175	25.53825416530536
2327	115.0	YNL032W	-0.4705988026135817	5.9170589577416886	18	Fumarate	SIW14	0	5.0968431153761555	17.177231631493406
2328	127.05	YNL032W	0.2646402635777494	6.123017496777521	18	5,6-Dihydrothymine	SIW14	0	7.915779557770998	25.424140684257168
2329	128.04	YNL032W	0.2708934926458156	6.1167642677094545	18	4-Oxoproline	SIW14	0	2.657386130519352	8.014016649600316
2334	133.01	YNL032W	-0.5440750787671227	5.843582681588147	18	(S)-Malate	SIW14	0	5.732293018877088	20.063961803728024
2336	145.05	YNL032W	0.10991880955479365	6.277738950800477	18	145.05	SIW14	0	2.4237594295738645	8.297153025430136
2337	145.06	YNL032W	0.1690905972817026	6.218567163073567	18	L-Glutamine	SIW14	0	7.991449519435745	25.45055218500416
2340	171.01	YNL032W	-0.520503688803342	5.867154071551928	18	sn-Glycerol 3-phosphate	SIW14	0	5.307200020759278	18.294824693003896
2348	191.02	YNL032W	-0.12394782969296604	6.263709930662304	18	Citrate	SIW14	0	6.119079340193229	20.245519519021105
2352	217.08	YNL032W	1.3120432523442431	5.075614508011027	18	217.08	SIW14	0	7.95998232062163	25.755660923828444
2354	225.19	YNL032W	0.058625821933964616	6.329031938421306	18	225.19	SIW14	0	3.703596222142881	11.733512927002504
2355	226.01	YNL032W	0.27505131915470915	6.112606441200561	18	226.01	SIW14	0	2.6980096447771302	9.306531805102741
2356	237.03	YNL032W	0.29705381302461614	6.090603947330654	18	D-erythro-1-(Imidazol-4-yl)glycerol 3-phosphate	SIW14	0	1.4308666900367482	5.28986760795727
2357	241.08	YNL032W	0.014549298686366627	6.373108461668903	18	241.08	SIW14	0	2.0196254528955575	7.316103438920845
2359	245.0	YNL032W	0.065937826926609	6.321719933428661	18	245.0	SIW14	0	1.7826455626115438	5.007120615660357
2363	267.07	YNL032W	-0.4757319424532478	5.911925817902023	18	Inosine	SIW14	0	7.847043507370147	23.758592403837806
2366	275.12	YNL032W	-0.39668541023409915	5.990972350121171	18	275.12	SIW14	0	3.7917469014926333	12.455529896029732
2373	313.04	YNL032W	0.1473900653420563	6.240267695013214	18	313.04	SIW14	0	2.114114355893128	7.5581426877899505
2375	338.99	YNL032W	-0.6340475252114229	5.753610235143848	18	D-Fructose 1,6-bisphosphate	SIW14	0	4.221435376859849	15.242737043205072
2376	341.11	YNL032W	0.3132768443831495	6.074380915972121	18	Sucrose	SIW14	0	7.793505364419831	23.907024710770607
2377	347.04	YNL032W	0.20452064211298354	6.1831371182422865	18	347.04	SIW14	0	2.7454419893576065	10.322855681636097
2379	387.0	YNL032W	0.7117865685228012	5.675871191832469	18	387.0	SIW14	0	7.017052934246795	21.75744839056964
2382	453.07	YNL032W	0.1421377767394721	6.245519983615798	18	453.07	SIW14	0	2.435246118702664	8.3433112391783
2385	565.05	YNL032W	-0.19361500386056021	6.19404275649471	18	UDP-glucose	SIW14	0	4.76019661939071	16.499081133848087
2390	679.31	YNL032W	-0.20730442168099267	6.180353338674277	18	679.31	SIW14	0	4.9952403294155285	17.01563258424175
2391	694.67	YNL032W	-0.0074055308256360235	6.380252229529634	18	694.67	SIW14	0	5.995341337546644	18.751691505961553
2398	920.24	YNL032W	-1.412791331428233	4.9748664289270375	18	920.24	SIW14	0	13.920364167356652	42.38253533234925
2408	132.03	YNL161W	-0.09756205766704322	6.290095702688227	18	L-Aspartate	CBK1	0	4.946551701364265	17.65636916364035
2435	249.06	YNL161W	-0.13557351378961705	6.252084246565653	18	gamma-L-Glutamyl-L-cysteine	CBK1	0	2.9321335482466213	8.201699432602172
2438	267.07	YNL161W	-1.5379677103403304	4.84969005001494	18	Inosine	CBK1	0	8.19531098583288	23.65827644135295
2440	275.02	YNL161W	0.49348643172223433	5.8941713286330355	18	275.02	CBK1	0	2.305655070392806	6.985958949177256
2453	365.05	YNL161W	-0.18143545347353443	6.2062223068817355	18	1-(5'-Phosphoribosyl)-5-formamido-4-imidazolecarboxamide	CBK1	0	2.438848558815896	7.656098133082837
2469	762.07	YNL161W	0.40533832387475166	5.982319436480519	18	762.07	CBK1	0	2.0521280631925087	6.2029609847493345
2471	835.04	YNL161W	0.1845579747519779	6.203099785603293	18	835.04	CBK1	0	1.3112756427758443	4.324862619464192
2473	920.24	YNL161W	-0.22706497026754055	6.16059279008773	18	920.24	CBK1	0	12.639118868395627	35.78371951033002
2485	135.03	YNL307C	-0.16352772222365933	6.2241300381316105	18	Hypoxanthine	MCK1	0	3.324755885996862	9.967591098670972
2486	145.05	YNL307C	-0.1313220336760427	6.256335726679228	18	145.05	MCK1	0	2.537307430714196	8.523779893701159
2500	213.12	YNL307C	-0.02457535296024562	6.363082407395025	18	213.12	MCK1	0	2.2740703266694156	8.382787678247539
2503	218.03	YNL307C	0.17083561735455643	6.216822143000714	18	218.03	MCK1	0	3.658004681318961	13.260259725233944
2504	225.19	YNL307C	0.6410868562327785	5.746570904122492	18	225.19	MCK1	0	2.084327015118352	7.545060473774407
2513	267.07	YNL307C	-1.829604926298954	4.5580528340563164	18	Inosine	MCK1	0	7.684092986674055	21.738212619938516
2519	283.07	YNL307C	-0.26032064021369905	6.127337120141571	18	283.07	MCK1	0	6.9132318313808545	18.593962431166076
2523	313.04	YNL307C	-0.4351327623388777	5.952524998016393	18	313.04	MCK1	0	3.574120077336121	13.214649474413685
2528	365.05	YNL307C	-0.0328815791276924	6.354776181227578	18	1-(5'-Phosphoribosyl)-5-formamido-4-imidazolecarboxamide	MCK1	0	2.6999620265600086	9.490163026152977
2531	441.34	YNL307C	0.10816150348192312	6.2794962568733474	18	4alpha-Methylzymosterol-4-carboxylate	MCK1	0	2.6088146018330183	8.985775583593163
2534	505.99	YNL307C	-0.13076886803181878	6.256888892323452	18	ATP	MCK1	0	2.4104951751409445	8.325518742057675
2537	611.15	YNL307C	-0.23394782546003193	6.153709934895239	18	Glutathione disulfide	MCK1	0	3.477754898879813	12.507192814992058
2545	766.11	YNL307C	-0.5790947531451458	5.808563007210124	18	766.11	MCK1	0	3.541962111435608	11.44213524552244
2551	114.06	YOL045W	0.11075822430845793	6.2768995360468125	18	L-Proline	PSK2	0	3.476558232396013	11.743738728434876
2553	127.05	YOL045W	-1.4732078535197077	4.9144499068355625	18	5,6-Dihydrothymine	PSK2	0	12.621688473701681	41.0129970028352
2554	128.04	YOL045W	-0.44869181018974363	5.938965950165526	18	4-Oxoproline	PSK2	0	6.894709509382598	23.31724166269273
2555	129.1	YOL045W	-0.09665700968917802	6.291000750666092	18	129.1	PSK2	0	3.9613998931282026	14.028023264281074
2556	131.05	YOL045W	-0.5778849873815437	5.8097727729737265	18	131.05	PSK2	0	5.010180449005025	17.422240859534813
2557	131.08	YOL045W	-0.25652297203679786	6.131134788318472	18	L-Ornithine	PSK2	0	5.132682669361477	16.343151063077375
2562	145.06	YOL045W	-1.7352838677574332	4.652373892597837	18	L-Glutamine	PSK2	1	12.688610159618847	41.22646001971856
2563	151.03	YOL045W	0.6422054176331146	5.745452342722156	18	151.03	PSK2	0	4.15533251498043	14.376450040733364
2564	154.06	YOL045W	-0.05330181446319618	6.334355945892074	18	L-Histidine	PSK2	0	4.240652470586594	14.821711077442236
2566	173.09	YOL045W	-0.23434783042683638	6.153309929928434	18	173.09	PSK2	0	5.252885338400262	18.157028625494288
2568	174.09	YOL045W	-1.0347641939125822	5.352893566442688	18	174.09	PSK2	0	5.546726385510018	17.99920929485161
2569	179.06	YOL045W	-0.05722183248911141	6.330435927866159	18	D-Glucose	PSK2	0	2.903620275567092	9.352174657222008
2570	182.97	YOL045W	-0.07856989021466584	6.309087870140605	18	182.97	PSK2	0	2.4844994376995153	7.512911182717
2571	187.02	YOL045W	-0.3257688869085771	6.061888873446693	18	(Z)-But-1-ene-1,2,4-tricarboxylate	PSK2	0	3.662904089950156	12.102448964427975
2572	188.06	YOL045W	-1.2341869792334108	5.153470781121859	18	N-Acetyl-L-glutamate	PSK2	0	8.169955018300767	28.009925684740125
2574	205.04	YOL045W	-0.3771756000229541	6.010482160332316	18	Lipoate	PSK2	0	5.072972130451205	17.664054688666425
2576	214.01	YOL045W	0.1675957762367549	6.220061984118515	18	214.01	PSK2	0	3.710996156008464	12.885130266207694
2577	217.08	YOL045W	-0.916218177659532	5.471439582695738	18	217.08	PSK2	0	12.719769304592322	42.114370493284646
2578	218.03	YOL045W	0.6994159285073909	5.688241831847879	18	218.03	PSK2	0	2.665264020187286	9.124338221332295
2579	225.19	YOL045W	0.021328172694875278	6.366329587660395	18	225.19	PSK2	0	2.346765549867242	7.942066057927731
2580	226.01	YOL045W	-0.8195096651497108	5.56814809520556	18	226.01	PSK2	0	6.491746889137258	22.589401384494053
2597	312.06	YOL045W	-1.536056175404982	4.851601584950288	18	312.06	PSK2	0	10.986757810447086	33.607216522501545
2600	338.99	YOL045W	-0.28599640446184765	6.101661355893422	18	D-Fructose 1,6-bisphosphate	PSK2	0	3.1596192888961068	10.61588150650427
2601	341.11	YOL045W	0.3351065169307572	6.052551243424513	18	Sucrose	PSK2	0	4.445601211373165	13.634141407274647
2602	347.04	YOL045W	-0.09193849069233498	6.295719269662936	18	347.04	PSK2	0	5.798952789821427	22.454896133213023
2604	387.0	YOL045W	-1.0473941203280552	5.340263640027215	18	387.0	PSK2	0	11.725552049285756	37.24751855773609
2605	426.02	YOL045W	-0.0620359376436801	6.32562182271159	18	ADP	PSK2	0	3.6121223807244216	13.45146310380655
2613	662.1	YOL045W	-0.29918392490331225	6.088473835451958	18	662.1	PSK2	0	4.180244452784797	14.333148678489774
2615	679.31	YOL045W	-0.5457070064229542	5.841950753932316	18	679.31	PSK2	0	5.191784285827738	16.908883232491526
2617	716.26	YOL045W	-2.385917552816592	4.001740207538678	18	716.26	PSK2	0	7.041455337503765	18.360519553557907
2618	742.07	YOL045W	-0.08595051058570133	6.301707249769569	18	742.07	PSK2	0	3.771092970525152	13.742903154705605
2623	920.24	YOL045W	-5.203608699905132	1.1840490604501381	18	920.24	PSK2	0	12.688024552513133	33.96548835691318
2624	994.3	YOL045W	-2.857301751895357	3.530356008459913	18	994.3	PSK2	0	8.034275178332559	20.15113456516759
2681	441.34	YOR039W	-0.05420423081942581	6.333453529535844	18	4alpha-Methylzymosterol-4-carboxylate	CKB2	0	2.5153896148888477	8.30741877389712
2783	132.03	YOR231W	0.625036845850427	5.7626209145048435	18	L-Aspartate	MKK1	0	3.290898715547506	12.128878101751477
2798	191.02	YOR231W	-0.0031648489877260967	6.384492911367544	18	Citrate	MKK1	0	4.311686211959325	13.544192856778633
2815	275.02	YOR231W	-0.11502367982512775	6.272634080530143	18	275.02	MKK1	0	2.8825103493011515	8.723950748736216
2817	279.23	YOR231W	0.2324350273314191	6.155222733023851	18	Linoleate	MKK1	0	2.4779893412262886	9.707071107143916
2833	503.0	YOR231W	0.02333182307421699	6.364325937281054	18	503.0	MKK1	0	2.299415845010259	8.09184027233401
2842	716.26	YOR231W	1.4306954639496825	4.956962296405588	18	716.26	MKK1	0	6.38842349221635	19.133936496913154
2848	920.24	YOR231W	0.6237075594136315	5.763950200941639	18	920.24	MKK1	0	13.28114980427351	37.704826494530025
2849	994.3	YOR231W	0.7572336748624351	5.630424085492836	18	994.3	MKK1	0	8.461470633846785	24.803172900949733
2917	716.26	YPL031C	1.477196868421464	4.910460891933806	18	716.26	PHO85	0	6.325908638525046	17.087068147957588
2923	920.24	YPL031C	2.2459641749333876	4.141693585421883	18	920.24	PHO85	0	12.837250556140543	34.88148870642841
2925	104.04	YPL141C	-0.06327542665597928	6.324382333699291	18	104.04	FRK1	0	5.952190086269343	21.500912269999255
2927	115.0	YPL141C	-0.18042117324842427	6.207236587106846	18	Fumarate	FRK1	0	2.967976226704511	10.808123605974073
2928	127.05	YPL141C	-0.007562854533384995	6.380094905821886	18	5,6-Dihydrothymine	FRK1	0	12.930851472708481	42.136168162553474
2929	128.04	YPL141C	-0.3514364755683953	6.036221284786875	18	4-Oxoproline	FRK1	0	7.519388896452417	24.614028127714757
2930	129.1	YPL141C	-0.2811336458697174	6.106524114485553	18	129.1	FRK1	0	4.7673386255404555	16.257758065297963
2932	131.08	YPL141C	-0.32675563784171047	6.06090212251356	18	L-Ornithine	FRK1	0	5.864641290489248	17.150698741568974
2934	133.01	YPL141C	-0.3326976589431992	6.054960101412071	18	(S)-Malate	FRK1	0	3.7496336744336642	13.17989159710517
2935	135.03	YPL141C	-0.17369709233523994	6.2139606680200306	18	Hypoxanthine	FRK1	0	5.259803292342604	15.602371469994651
2936	145.05	YPL141C	-0.13512829870536144	6.2525294616499085	18	145.05	FRK1	0	4.366670051826603	15.248821671029697
2938	151.03	YPL141C	-0.3551713415716844	6.032486418783586	18	151.03	FRK1	0	5.1203154067900325	17.106277018481883
2939	154.06	YPL141C	-0.3026035076593253	6.085054252695945	18	L-Histidine	FRK1	0	5.007743469989456	16.2247612853644
2940	171.01	YPL141C	-0.016788420119400366	6.37086934023587	18	sn-Glycerol 3-phosphate	FRK1	0	3.062112085314351	9.295050797107546
2941	173.09	YPL141C	-0.21863272356929775	6.169025036785973	18	173.09	FRK1	0	5.943806397991042	20.127067254327795
2942	173.1	YPL141C	-0.11208900888063915	6.275568751474631	18	L-Arginine	FRK1	0	3.737309725515431	12.23359260958683
2943	174.09	YPL141C	-0.15564650415291018	6.23201125620236	18	174.09	FRK1	0	6.091777737857947	19.48449040681632
2946	187.02	YPL141C	0.09710219407162136	6.290555566283649	18	(Z)-But-1-ene-1,2,4-tricarboxylate	FRK1	0	3.9771727528751906	14.485666159918747
2949	205.04	YPL141C	0.10688794991474987	6.28076981044052	18	Lipoate	FRK1	0	5.354152394548193	19.619492249576748
2950	213.12	YPL141C	-0.1632661164439209	6.224391643911349	18	213.12	FRK1	0	4.136329468704218	13.640280469087337
2951	214.01	YPL141C	-0.20327489109824162	6.184382869257028	18	214.01	FRK1	0	4.498071419107497	16.080053322785965
2954	225.19	YPL141C	-0.1250503697627745	6.262607390592496	18	225.19	FRK1	0	2.942862053106735	10.47900402431665
2955	226.01	YPL141C	-0.12661521127954525	6.261042549075725	18	226.01	FRK1	0	7.042460505358261	24.66053605837117
2959	245.0	YPL141C	-0.15793181893005326	6.229725941425217	18	245.0	FRK1	0	4.710953359265966	16.588962348682553
2960	249.06	YPL141C	-0.28315143691710415	6.104506323438166	18	gamma-L-Glutamyl-L-cysteine	FRK1	0	5.34379877796828	16.63580501784924
2961	263.1	YPL141C	-0.39542727749525663	5.9922304828600135	18	alpha-N-Phenylacetyl-L-glutamine	FRK1	0	3.07144232402075	10.653117028938428
2963	267.07	YPL141C	-1.0373977741696234	5.350259986185646	18	Inosine	FRK1	0	9.617389459206752	26.220649454975934
2964	268.02	YPL141C	-0.20804585253792718	6.179611907817343	18	268.02	FRK1	0	4.7933426929510885	15.710912105203636
2965	275.02	YPL141C	-0.06094792164656869	6.326709838708702	18	275.02	FRK1	0	3.802801350183585	13.593537900098278
2966	275.12	YPL141C	-0.4395018598599722	5.948155900495298	18	275.12	FRK1	0	6.100295927193154	20.60263464690662
2969	283.07	YPL141C	-0.664585159936683	5.723072600418587	18	283.07	FRK1	0	9.23019912777174	24.49584746987657
2970	285.05	YPL141C	-0.28596071700990067	6.10169704334537	18	285.05	FRK1	0	6.472136021527067	20.61727089204459
2971	289.12	YPL141C	-0.08041283773940484	6.307244922615865	18	N-(L-Arginino)succinate	FRK1	0	5.345418202399548	16.43084857848872
2972	312.06	YPL141C	-0.8916046330789531	5.496053127276317	18	312.06	FRK1	0	11.620366510397016	33.8682347177791
2973	313.04	YPL141C	-0.3616446961006006	6.02601306425467	18	313.04	FRK1	0	5.696254123890909	19.67811612002398
2974	337.06	YPL141C	-0.19069322016401666	6.196964540191254	18	337.06	FRK1	0	4.659088182598654	17.107411101083134
2975	338.99	YPL141C	-0.08520161133095547	6.302456149024315	18	D-Fructose 1,6-bisphosphate	FRK1	0	3.825532333740192	12.811821803236358
2976	341.11	YPL141C	0.14555022700689482	6.242107533348375	18	Sucrose	FRK1	0	4.2509291547235675	13.916453162800714
2977	347.04	YPL141C	-0.32702477142372016	6.06063298893155	18	347.04	FRK1	0	6.506618758017116	24.446651641135333
2978	365.05	YPL141C	-0.39661840384928904	5.991039356505981	18	1-(5'-Phosphoribosyl)-5-formamido-4-imidazolecarboxamide	FRK1	0	4.248795364520224	14.181026361858908
2979	387.0	YPL141C	-0.34469167254766797	6.042966087807602	18	387.0	FRK1	0	12.163855758295657	37.89719069795631
2980	426.02	YPL141C	-0.2483648069901725	6.139292953365098	18	ADP	FRK1	0	4.402794425927809	15.672752866290205
2981	441.34	YPL141C	-0.1245169938624498	6.26314076649282	18	4alpha-Methylzymosterol-4-carboxylate	FRK1	0	2.807165564918183	10.038009977340675
2982	453.07	YPL141C	-0.24019967750663862	6.147458082848631	18	453.07	FRK1	0	6.9107502893562085	24.287008495609502
2983	503.0	YPL141C	-0.49450117215572986	5.89315658819954	18	503.0	FRK1	0	4.987606491489874	15.783261044905789
2984	505.99	YPL141C	-0.2025013297259135	6.185156430629357	18	ATP	FRK1	0	4.4641079738166125	14.173455471589252
2986	606.07	YPL141C	-0.18925984994939293	6.198397910405877	18	UDP-N-acetyl-D-glucosamine	FRK1	0	3.938546347450156	12.58688589772717
2987	611.15	YPL141C	-0.2982586282567283	6.089399132098542	18	Glutathione disulfide	FRK1	0	4.603286418406377	16.052412013836694
2988	662.1	YPL141C	-0.23047518916552512	6.157182571189745	18	662.1	FRK1	0	4.923006917626589	16.235414290743638
2990	679.31	YPL141C	0.5630462696733997	5.82461149068187	18	679.31	FRK1	0	4.923044866446481	16.870596415062
2991	694.67	YPL141C	0.14968773770075602	6.2379700226545145	18	694.67	FRK1	0	3.711522280886925	13.817206434568142
2992	716.26	YPL141C	0.9677512742950171	5.4199064860602535	18	716.26	FRK1	0	6.546591817334181	19.077897109354414
2993	742.07	YPL141C	-0.06874913290823793	6.3189086274470325	18	742.07	FRK1	0	4.4724970674120765	15.509858757787171
2994	762.07	YPL141C	0.0959468946308781	6.291710865724392	18	762.07	FRK1	0	4.8038645938403635	15.482930331550484
2997	91.04	YPL141C	0.10748731456050373	6.2801704457947665	18	Glycerol	FRK1	0	2.487915506649531	8.493190336981188
2999	994.3	YPL141C	-0.8754492436417806	5.51220851671349	18	994.3	FRK1	0	7.814923747277631	21.29356000821805
3000	104.04	YPL256C	0.8293203396759203	5.55833742067935	18	104.04	CLN2	0	3.0920160887700296	11.316120193856573
3020	182.97	YPL256C	-0.010223720532392191	6.377434039822878	18	182.97	CLN2	0	2.6632228070769	8.794146693217046
3025	213.12	YPL256C	0.21052048612389704	6.177137274231373	18	213.12	CLN2	0	1.5804442768044955	5.901403555044454
3031	237.03	YPL256C	0.06625507286681162	6.321402687488459	18	D-erythro-1-(Imidazol-4-yl)glycerol 3-phosphate	CLN2	0	3.1223294058347344	10.384233294920504
3032	241.08	YPL256C	0.607203621027394	5.780454139327876	18	241.08	CLN2	0	3.4038432993304633	10.371254458582799
3037	266.09	YPL256C	0.46721070710685547	5.920447053248415	18	266.09	CLN2	0	2.5976580822440614	9.585955790715749
3040	275.02	YPL256C	0.515832586158024	5.871825174197246	18	275.02	CLN2	0	2.224476896161845	7.316157220733777
3046	289.12	YPL256C	0.17690233506789807	6.210755425287372	18	N-(L-Arginino)succinate	CLN2	0	2.623930510631129	8.657585684814476
3057	453.07	YPL256C	0.04652572108710955	6.34113203926816	18	453.07	CLN2	0	3.86745761702441	13.726629707001994
3064	664.12	YPL256C	0.2505444181065525	6.137113342248718	18	NADH	CLN2	0	1.3709752313352246	4.760152265561657
3067	716.26	YPL256C	-1.3067079054754247	5.0809498548798455	18	716.26	CLN2	0	5.951196324071787	15.865327515616835
3073	920.24	YPL256C	-6.38765776035527	0.0	18	920.24	CLN2	0	13.017890601120872	35.44958786806776
3074	994.3	YPL256C	-4.465996438659546	1.9216613216957246	18	994.3	CLN2	0	8.079936215987177	21.40912493136885
3082	131.08	YPR119W	-0.06672001578387464	6.3209377445713955	18	L-Ornithine	CLB2	0	4.484804740982553	11.95901171810039
3091	173.09	YPR119W	-0.020460727724890698	6.367197032630379	18	173.09	CLB2	0	4.24748955596261	13.190488675832077
3094	179.06	YPR119W	0.6062688740661258	5.781388886289144	18	D-Glucose	CLB2	0	1.8366385943822767	5.847979494802693
3095	182.97	YPR119W	0.23617072537409897	6.151487034981171	18	182.97	CLB2	0	1.5130351133325355	5.093792083019343
3100	213.12	YPR119W	-0.784380344944505	5.603277415410766	18	213.12	CLB2	0	2.7525132599530493	8.567274842685176
3102	217.08	YPR119W	-0.48150020990559406	5.906157550449676	18	217.08	CLB2	0	11.601245107967339	36.868564512534924
3103	218.03	YPR119W	0.23963584109886046	6.14802191925641	18	218.03	CLB2	0	2.0053640216627744	6.726296534724974
3104	225.19	YPR119W	0.09085435121653439	6.296803409138736	18	225.19	CLB2	0	1.6173664708986428	5.820565635321245
3106	237.03	YPR119W	-0.13567278929369964	6.251984971061571	18	D-erythro-1-(Imidazol-4-yl)glycerol 3-phosphate	CLB2	0	4.609739555842322	13.934828617883486
3107	241.08	YPR119W	-0.6478411298468876	5.739816630508383	18	241.08	CLB2	0	4.992079332402447	14.816305133369926
3111	263.1	YPR119W	0.7797546464762883	5.607903113878982	18	alpha-N-Phenylacetyl-L-glutamine	CLB2	0	1.5104538073411413	4.609434757893663
3116	275.12	YPR119W	-1.3999858519309034	4.987671908424367	18	275.12	CLB2	0	4.400886729548979	14.052815186641915
3117	279.23	YPR119W	0.5530283617679307	5.83462939858734	18	Linoleate	CLB2	0	1.7778281170457242	5.770865312055697
3119	283.07	YPR119W	-0.4993371714977324	5.888320588857538	18	283.07	CLB2	0	7.973211162374306	17.523587337016764
3120	285.05	YPR119W	-0.22863339816515468	6.159024362190116	18	285.05	CLB2	0	4.980526224782047	13.514930305854703
3121	289.12	YPR119W	-0.6247954491562769	5.762862311198993	18	N-(L-Arginino)succinate	CLB2	0	4.115435122111274	12.057694629582384
3122	312.06	YPR119W	-0.13013401733001634	6.257523743025254	18	312.06	CLB2	0	10.274359843726632	29.227110022660916
3126	341.11	YPR119W	0.1703850086846121	6.2172727516706585	18	Sucrose	CLB2	0	4.714913493324003	13.562090400406783
3134	505.99	YPR119W	-0.37590106071642243	6.011756699638847	18	ATP	CLB2	0	2.913009827163862	8.184827696867732
3138	662.1	YPR119W	-0.20337479494580107	6.184282965409469	18	662.1	CLB2	0	3.274709238372921	9.248063023853446
3140	679.31	YPR119W	0.17333715236103622	6.214320607994234	18	679.31	CLB2	0	3.8175422984772776	12.330939794253956
3141	694.67	YPR119W	0.8278325775298091	5.5598251828254615	18	694.67	CLB2	0	2.807698796317308	10.019407528085548
3143	742.07	YPR119W	-0.1271647762016629	6.260492984153608	18	742.07	CLB2	0	2.775646411640577	8.216238834802336
3144	762.07	YPR119W	-1.0469511653390449	5.340706595016226	18	762.07	CLB2	0	3.573697645322743	10.493199695185755
3145	766.11	YPR119W	-1.139871652438585	5.247786107916685	18	766.11	CLB2	0	3.8760945966062095	12.757542797733723
3146	835.04	YPR119W	-0.4032868116475101	5.98437094870776	18	835.04	CLB2	0	2.691664565170538	9.223702094230674
3147	91.04	YPR119W	0.4033573488902631	5.984300411465007	18	Glycerol	CLB2	0	1.6569634187840194	5.849564701956946
3148	920.24	YPR119W	5.058679397918134	1.3289783624371365	18	920.24	CLB2	0	11.800036558012458	31.59914587937889
3149	994.3	YPR119W	2.059360566133752	4.328297194221518	18	994.3	CLB2	0	7.013434930738608	17.81523172122262
