	PDR3	HAP3	RTG3	SMP1	RDS1	RPN4	MBP1	UGA3	SWI5	MET32	YAP6	SUM1	CAD1	RPH1	GAT1	PDR1	SNT2	YAP3	OPI1	RIM101	STB5	XBP1	YAP5	SIP4	GZF3	CBF1	PUT3	RGT1	PHD1	MSN4	DAL80	HAP1	YAP1	SOK2	STB4	CRZ1	FKH2	YAP7	AZF1	MET31	RLM1	AFT2	ARR1
5,6-Dihydrothymine (cor: 0.99)	-0.0	-0.0	0.0	-1.4698741957837302	-0.0	-0.0	-0.0	-0.0	0.0	-0.0	-0.0	-0.0	0.45819045723784246	-0.0	-2.8571553749040333	-0.0	0.0	0.0	-0.0	0.0	-0.7263683461764512	-0.0	0.0	-0.0	0.0	-0.0	-1.8384787465873262	-0.0	-0.0	-0.0	0.0	0.0	0.0	-0.0	-0.0	0.0	1.4640003376921011	0.0	0.0	0.0	0.0	0.0	1.3330404049594629
L-Glutamine (cor: 0.99)	-0.0	-0.0	0.0	-2.0206130012179635	-0.0	0.0	-0.0	-0.0	-0.0	0.0	-0.0	-0.0	0.9995701001342933	-0.0	-2.265564841450564	-0.0	0.0	-0.0	-0.0	0.0	-0.2203581320377013	-0.0	0.0	0.0	0.0	-0.0	-2.6760527446722993	-0.0	-0.0	-0.0	0.0	0.0	0.0	-0.0	-0.0	0.0	1.525240817774338	0.0	0.0	0.0020951574589697444	0.0	0.0	1.058009833234302
N-Acetyl-L-glutamate (cor: 0.99)	-0.0	-0.0	0.0	-0.9539760963323322	-0.0	0.0	-0.0	0.0	0.0	-0.0	-0.0	0.0	0.0	-0.0	-0.0	-0.0	-0.15076247315020305	-0.0	-0.0	-0.0	-0.9182755389481561	-0.0	0.0	-0.35126849633503743	0.030884940271751735	-0.0	-1.9028548991949084	-0.0	-0.0	-0.0	0.0	0.0	0.0	-1.455089797246321	-0.0	0.0	0.1727264934911126	0.0	0.0	0.0	0.0	0.0	0.37288484522242643
Inosine (cor: 0.99)	-0.0	-0.0	-0.0	1.853364727425602	1.1939342499055123	0.0	-0.0	-0.0	0.0	0.0	0.0	0.0	-0.0	-0.0	0.31686163483674873	0.0	0.0	-0.0	0.0	0.0	-0.0	0.0	0.0	0.9825348695456376	-0.0	0.0	1.8423303348144495	-0.0	0.0	0.0	0.0	0.0	0.0	-0.0	-0.0	4.687761598891073	0.0	0.0	1.1584421090717276	0.40580881387194184	0.598205814013103	0.0	0.0
D-erythro-1-(Imidazol-4-yl)glycerol 3-phosphate (cor: 0.99)	-0.0	0.0	0.04626332545229612	-0.0	-0.21464496068561753	0.0	-0.0	-0.0	-0.0	0.0	-0.0	-0.0	0.0	0.0	-0.0	-0.0	-0.0	-0.0	0.0	-0.0	-0.0	-0.0	-0.0	-0.0	0.0	0.0	-0.030693248135126517	-0.0	-0.0	-0.0	-0.0	0.0	-0.0	-0.0	0.0	-0.0	0.5710504960241539	-0.0	0.0	0.0	0.542499871276695	-0.0	0.15142901960525046
4-Oxoproline (cor: 0.99)	-0.0	-0.0	0.0	-0.766283959022668	-0.0	-0.0	-0.0	-0.0	0.0	-0.0	-0.0	0.0	0.0	-0.0	-0.0	-0.0	0.0	-0.0	-0.0	0.0	-0.3337117484744342	-0.0	0.0	-0.0	0.0	-0.0	-0.16083290455998836	-0.0	-0.0	-0.0	0.0	0.0	0.0	-0.3089393599579352	-0.0	0.7446896859261994	0.4802162694943556	0.0	0.0	0.0	0.0	0.0	0.7698145676885626
L-Proline (cor: 0.98)	0.0	0.0	-0.0	0.3772876412318843	-0.18920434002211975	-0.0	0.0	-0.0	0.0	-0.0	-0.0	0.0	-0.0	0.0	0.0	0.0	0.0	-0.0	0.0	0.0	0.0	0.0	-0.0	0.12059159310046984	-0.0	0.0	1.4945897458338062	0.0	0.0	0.0	-0.0	0.0	-0.0	1.7616248567634694	0.0	-0.0	-0.03906656182107599	-0.0	0.0	-0.0	0.0	-0.0	-0.4148410818508234
gamma-L-Glutamyl-L-cysteine (cor: 0.98)	-0.0	-0.0	-0.0	-0.0	0.0	0.0	-0.0	0.0	0.0	0.0	0.0	0.0	0.0	-0.0	0.0	0.0	0.0	-0.0	-0.0	-0.0	-0.8963125415456461	-0.0	0.0	0.0793242604174342	0.0	-0.0	0.0	-0.0	-0.0	-0.0	0.0	0.0	0.0	-0.0	-0.0	1.2156371406271158	0.0	-0.0	0.4064067287780936	0.0	0.0	0.0	0.357641474737842
Hypoxanthine (cor: 0.98)	-0.0	-0.0	-0.0	0.40397541581815605	0.7135600837775831	0.0	-0.0	0.0	0.0	0.4644026128126751	0.0	0.0	-0.0	0.0	0.0	0.0	0.0	-0.3403897292945695	-0.0	-0.0	-0.0	0.0	-0.0	0.07446506211201151	0.0	0.0	-0.0	-0.0	-0.0	0.0	0.0	0.0	0.0	0.0	-0.0	1.7998115649997821	0.0	-0.0	0.04248555081745465	0.0	0.0	0.0	0.5542426849111042
(S)-Malate (cor: 0.98)	-0.0	0.0	-0.0	0.582402578261877	-0.0	-0.0	0.0	-0.0	0.0	0.0	0.0	0.0	-0.3476679828386645	0.0	0.0	0.0	0.10628030596731505	0.0	0.0	0.0	0.0	0.0	-0.0	0.08900970819933512	-0.0	0.0	2.0988745782873806	0.0	0.0	0.08381435628246368	-0.0	0.0	-0.0	0.36947929901218796	0.0	-0.0	-0.0	-0.0	0.0	-0.0	0.0	-0.0	-0.41622935616838064
Citrate (cor: 0.97)	0.0	0.0	-0.0	0.5010067277459708	-0.0	-0.0	0.0	-0.0	0.0	0.0	0.0	0.0	-0.0	0.0	0.0	0.0	0.0	0.0	1.085258814723581	0.0	0.0	0.0	-0.0	0.7343309710434597	-0.0	0.0	0.3486515064569139	0.0	0.0	0.32949055457740767	-0.0	0.0	-0.0	0.9564441257163641	0.0	-0.05340606339562958	-0.0	-0.0	-0.0	-0.0	0.0	-1.7111216027370155	-0.08973511369237837
Lipoate (cor: 0.97)	-0.0	-0.0	0.0	-0.0	-0.0	-0.0	-0.0	-0.0	-0.0	0.0	0.0	-0.0	0.0	-0.0	-0.0	-0.0	-0.0	0.06332155082352373	-0.0	-0.0	-0.0	-0.0	0.0	-0.0	0.0	-0.0	-0.7751877619018326	-0.0	0.0	-0.0	0.0	-0.0	0.0	-0.14096921834532142	-0.0	-0.0	0.1379741826696304	0.0	-0.9976531481774461	0.28798726935706404	-0.06086759604177945	0.0	-0.07849624041236807
N-(L-Arginino)succinate (cor: 0.97)	-0.0	-0.0	-0.0	0.0	0.0	-0.0	-0.0	-0.0	0.0	0.17283935057908068	0.0	0.0	0.0	-0.06378615491031604	0.0	0.0	0.17111997772296994	-0.0	-0.0	0.0	-0.0	0.0	0.0	0.0	-0.0	0.0	0.0	-0.0	0.0	-0.0	0.0	0.0	0.0	-0.0	-0.0	0.0	0.0	0.0	0.0	0.0	0.7694231612252878	0.0	0.12545797112080811
L-Ornithine (cor: 0.97)	-0.0	-0.0	-0.0	-0.0	0.0	-0.0	-0.0	-0.0	0.0	0.0	0.0	-0.0	0.0	-0.039175300600702116	-0.0	0.0	0.04921356771652641	0.0	-0.0	0.0	-0.0	-0.0	0.0	0.0	-0.0	-0.0	-0.0	-0.0	0.0	-0.0	0.0	0.0	0.0	-0.0	-0.3740108186055034	1.263406610332289	0.0	0.0	0.0	0.2971009834399202	-0.0	0.0	0.2849994369469657
Acetate (cor: 0.96)	0.0	0.0	0.0	-0.0	-0.009620392500621628	0.0	0.0	-0.0	-0.0	0.0	-0.0	-0.0	0.0	0.0	-0.0	-0.0	-0.0	0.0	-0.0	-0.0	-0.0	-0.0	-0.0	0.0	0.0	0.0	-0.6446749921987651	0.0	-0.0	-0.0	-0.0	-0.0	-0.0	-0.0	0.0	-0.3238620219152771	0.001962810986413225	0.0	-0.41423561815363863	0.0	-0.0	-0.0	-0.02020495454554499
Glycerol (cor: 0.96)	0.0	0.0	0.0	-0.0	-0.0	0.0	0.0	0.0	-0.0	-0.07416586938543587	-0.0	-0.0	-0.0	0.0	-0.0	-0.0	-0.0	0.0	0.0	-0.0	0.0	-0.0	-0.0	-0.0	-0.0	-0.0	-0.0	0.0	0.0	0.0	-0.0	-0.0	-0.0	0.0	0.0	-0.3674605936622486	-0.0	-0.0	-0.0	-0.0	-0.7160522442738358	-0.0	-0.28199946998110365
Fumarate (cor: 0.96)	0.0	0.0	-0.0	0.18181628545772183	-0.0	-0.0	0.0	-0.0	0.0	0.0	-0.0	0.0	-0.0	0.0	0.0	0.0	0.0	-0.0	0.0	0.0	0.0	0.0	-0.0	0.0	-0.0	0.0	1.5144018892347284	0.0	0.0	0.0	-0.0	0.0	-0.0	0.507570939784053	0.05436644279382344	-0.0	-0.0	-0.0	0.0	-0.0	0.0	-0.0	-0.2046376079019405
Sucrose (cor: 0.96)	0.0	0.0	0.0	0.0	-0.7638213566697059	0.0	0.0	0.0	-0.0	-0.0	-0.0	0.0	-0.0	0.0	0.0	-0.0	-1.1958808963182015	-0.7512780161781667	0.0	-0.0	0.47267866677514564	0.0	-0.0	1.44507781149406	0.0	0.0	0.0	0.0	0.0	0.0	-0.0	0.0	-0.0	0.0	1.009749309978613	-0.41177863884102606	-0.0	-0.0	-0.0	-1.634834547406645	0.0	-0.0	0.0
(Z)-But-1-ene-1,2,4-tricarboxylate (cor: 0.96)	-0.0	-0.0	0.0	-0.0	-0.0	-0.0	-0.0	-0.0	-0.0	0.0	0.0	-0.0	0.0	-0.0	-0.0	-0.0	-0.0	0.0	-0.0	-0.0	-0.0	-0.0	0.0	0.0	0.0	-0.0	-0.7205495300280659	-0.0	0.0	-0.0	0.0	-0.0	0.0	-0.14364585790141512	-0.0	-0.0	0.13701213736487122	0.0	-0.5712969492364385	0.0	-0.11261663808350376	-0.0	-0.0
L-Aspartate (cor: 0.96)	-0.0	-0.0	-0.0	0.0	-0.0	0.0	0.0	0.0	0.0	-0.23108569218393957	-0.0	0.0	0.0	-0.0	0.0	0.0	0.0	-0.0	-0.0	0.0	-0.0	-0.0	0.0	-0.0	-0.0	-0.0	0.0	-0.0	-0.0	0.0	0.0	0.0	0.0	0.0	-0.0	0.24773243303765657	-0.40988731361523195	0.0	0.814959243760517	-0.0	0.0	0.0	0.2840789384694803
ADP (cor: 0.95)	-0.341484082339448	-0.0	-0.0	-0.0	0.0	-0.0	-0.0	-0.0	0.0	0.09667217110234089	0.0	-0.0	0.0	-0.016058526907973093	0.0	0.0	0.0	-0.0	-0.0	0.0	-0.0	0.0	0.0	0.0	-0.0	0.0	0.0	-0.0	0.0	-0.0	0.0	0.0	0.0	-0.0	-0.1823239214438097	0.0	0.0	0.0	0.0	0.0	0.11160615448389243	0.0	0.05781155974399051
L-Histidine (cor: 0.95)	-0.0	-0.0	-0.0	-0.0	0.27941463898736135	0.0	-0.0	0.0	0.0	-0.0	-0.0	-0.0	0.0	-0.0	-0.0	-0.0	-0.0	0.0	-0.0	-0.0	-0.2610804729698769	-0.0	0.0	-0.0	0.0	-0.0	-0.0	-0.0	-0.0	-0.0	0.0	0.0	0.0	-0.0	-0.19308604164967405	0.8591645197553563	0.0	0.0	0.0	0.17396163559898717	-0.0	0.0	0.6411378288096163
2-Dehydro-3-deoxy-L-arabinonate (cor: 0.94)	0.0	-0.0	0.0	-0.0	-0.0	-0.0	0.0	-0.0	-0.0	0.0	0.0	-0.0	0.0	-0.0	-0.0	-0.0	-0.033356267064370164	0.0	-0.0	-0.0	-0.0	-0.0	-0.0	0.0	0.0	0.0	-0.43015050480725997	0.0	-0.0	-0.0	-0.0	-0.0	-0.0	-0.0	-0.0	-0.0	0.20353264371851867	0.0	-0.04561771941750895	0.0	-0.3028576566287321	-0.0	-0.04254174765152239
ATP (cor: 0.94)	-0.6469907951062057	-0.0	-0.0	0.0	0.09388072623532039	-0.0	-0.0	-0.0	0.0	0.0	0.0	-0.0	0.0	-0.0	0.0	0.0	0.33265334289604714	0.0	-0.0	0.0	-0.0	0.0	0.0	0.0	-0.0	0.0	0.0	-0.0	0.0	-0.0	0.0	0.0	0.0	-0.0	-0.16312135227270155	0.3825662228528974	0.0	0.0	0.0	0.0	0.0	0.0	0.0811199593815298
4-Acetamidobutanoate (cor: 0.94)	0.0	-0.0	0.0	-0.0	-0.0	-0.0	-0.0	0.0	-0.0	0.0	-0.0	-0.0	0.0	-0.0	-0.0	-0.0	-0.026269900275595216	0.0	-0.0	-0.0	-0.0	-0.0	0.0	-0.0	0.15854461839526385	-0.0	-0.43396086271305845	-0.0	-0.0	-0.0	0.0	-0.0	0.0	-0.0	-0.0	0.0	0.28513374268582936	0.0	-0.0	0.0	-0.0	-0.0	-0.0
GDP-mannose (cor: 0.94)	0.0	0.0	0.0	-0.0	-0.0	0.0	0.0	0.0	-0.0	-0.0	-0.0	-0.0	-0.0	0.15999650929844744	0.0	-0.0	-0.18524160598029937	-0.0	0.0	-0.0	0.0	-0.0	-0.0	0.0	0.0	-0.0	-0.0	0.0	-0.0	0.0	-0.0	-0.0	-0.0	0.0	0.021131876694428342	-0.35810218461018567	-0.0	-0.0	-0.0	-0.0	-0.0	-0.0	-0.18797788250493863
1-(5'-Phosphoribosyl)-5-formamido-4-imidazolecarboxamide (cor: 0.94)	-0.0	-0.0	-0.0	0.21746397255287286	0.28594845195594554	0.0	0.0	0.13190024459037417	0.0	0.0	0.0	0.0	-0.0	0.0	0.0	0.053380070294084335	0.0	-0.0	-0.0	-0.0	-0.8431058824254599	0.0	0.0	0.058630278800441644	0.0	-0.0	0.0	0.0	-0.0	0.0	0.0	0.0	0.0	0.0	-0.0	0.8413395450908304	0.0	0.0	0.6173401341360082	-0.0	0.0	0.0	-0.0
sn-Glycerol 3-phosphate (cor: 0.94)	0.0	-0.0	-0.0	0.38157378574177236	-0.0	-0.0	0.0	0.02795217525416885	-0.0	-0.0	-0.0	0.0	-0.0	0.0	0.14345432630990942	0.0	-0.0	0.0	0.0	-0.0	0.0	0.0	-0.0	0.0	-0.0	-0.0	0.2434784249249819	0.0	-0.0	0.0	-0.0	-0.0	-0.0	0.0	-0.0	-0.0	-0.03928955836147026	0.0	-0.0	-0.0	-0.0	-0.0	-0.7487600896924823
Uridine (cor: 0.94)	-0.0	-0.0	-0.0	0.0518412105118177	0.20700624341462762	0.0	0.0	0.0	-0.0	0.0	0.0	-0.0	0.0	0.0	0.0	0.0	-0.0	-0.0	0.0	-0.0	-0.0	0.0	-0.6519691571614111	0.06086181864528956	0.0	-0.0	-0.0	0.0	-0.0	0.0	-0.0	0.0	-0.0	0.0	-0.0	-0.0	0.0	-0.0	0.0	0.0	-0.1139091007297364	0.0	0.931966792927038
UDP-glucose (cor: 0.93)	-0.0	0.0	-0.0	0.0	0.10014312665333983	0.0	0.0	-0.0	0.0	0.0	0.0	0.0	-0.0	0.0	0.0	0.0	0.0	-0.0	0.0	0.0	0.0	0.0	-0.0	0.04466814407667097	-0.26338813073198714	0.0	0.4559545791442113	0.0	-0.0	0.4078612243478797	-0.0	0.0	-0.0	0.0	0.0	0.0	-0.11144789414906578	-0.0	0.31858742613441693	-0.0	0.0	0.0	0.0
Deoxyribose (cor: 0.93)	0.0	-0.0	-0.0	0.0	-0.0	-0.0	0.0	0.31901998320183844	-0.0	-0.0	-0.0	0.0	-0.0	0.0	0.0	0.0	-0.04737483571217804	-0.0	-0.0	-0.0	0.0	-0.0	-0.0	0.0	0.0	-0.0	0.0	0.0	-0.0	0.0	-0.0	-0.0	-0.0	0.0	0.0	-0.6369290851008453	-0.0	-0.0	-0.0	-0.0	-0.0	-0.0	-0.21730355953879257
Pyruvate (cor: 0.92)	0.0	-0.0	0.0	0.0	-0.0	-0.0	0.0	0.14983452447716564	-0.0	-0.0	-0.0	0.0	0.0	0.08824644994218547	0.0	-0.0	-0.12544242959940302	-0.0	-0.0	-0.0	0.0	-0.0	-0.0	-0.0	0.0	-0.0	-0.0	0.0	-0.0	0.0	-0.0	-0.0	-0.06179734477825496	0.0	0.0	-0.5690231767039802	-0.0	-0.0	-0.0	-0.0	-0.03845276700553167	-0.0	-0.11058207217291814
D-Fructose 1,6-bisphosphate (cor: 0.92)	0.0	-0.0	-0.0	0.12799355984064487	0.0	-0.0	-0.0	0.0	0.0	-0.0	0.0	0.0	0.0	-0.055777170928989254	-0.0	0.0	0.005696883470671786	0.5662776623436538	-0.0	0.0	-0.0	0.0	0.0	-0.10232121858147819	-0.0	-0.0	-0.0	-0.0	0.0	-0.0	0.0	-0.0	0.0	-0.0	-0.4543293077755416	0.0	-0.0	0.0	-0.0	-0.0	-0.0	0.0	-0.46669063674797184
D-Glucose (cor: 0.91)	0.0	-0.0	0.0	-0.0	-0.23610528129870298	-0.0	0.0	0.0	-0.0	-0.07183067282607615	-0.0	-0.0	0.0	0.0	-0.0	-0.0	-0.0	0.0	-0.0	-0.0	0.0	-0.0	-0.0	-0.0	0.0	-0.0	-0.3836297968638411	0.0	-0.0	0.0	-0.0	-0.0	-0.0	0.0	0.0	-0.25612526946511455	0.0	0.0	-0.0	-0.0	-0.7056973748777751	-0.0	-0.19287445911601975
L-Arginine (cor: 0.91)	-0.0	-0.0	-0.0	0.0	0.6445008699532223	0.0	0.0	0.0	-0.0	-0.0	-0.0	0.0	0.0	0.0	0.0	0.0	0.0	-0.0	-0.0	0.0	-0.0	-0.0	-0.0	0.05036905123448003	0.0	-0.0	0.0	0.0	-0.0	0.0	0.0	0.0	-0.0	0.0	-0.0	0.0	-0.13051604146346926	0.0	0.6647856146509653	0.0	-0.030301267120276774	0.0	0.743314282550653
1-Pyrroline-2-carboxylate (cor: 0.91)	0.0	-0.0	0.0	0.0	-0.0	-0.0	0.0	-0.0	-0.0	0.0	0.0	-0.0	0.0	0.0	-0.0	-0.0	-0.0897693385377052	0.0	-0.0	-0.0	-0.0	-0.0	-0.0	-0.0	0.0	0.0	-0.35797035562758417	0.0	-0.0	-0.0	-0.0	0.0	-0.0	-0.0	0.0	-0.3768100659128227	0.01750881279659332	0.0	-0.6499304397942111	-0.0	-0.0	-0.0	-0.20509744599370644
GMP (cor: 0.90)	0.0	0.0	-0.0	0.0	0.0	0.0	0.0	0.0	-0.0	0.0	-0.0	-0.0	-0.0	0.0	0.0	0.0	-0.029945756211930356	-0.0	0.0	-0.0	0.0	0.0	-0.0	0.07141666824106498	-0.0	0.0	0.0	0.0	0.0	0.22319236438292148	-0.0	0.0	-0.0	0.0	0.0	-0.420655976695035	-0.0	-0.0	-0.0	-0.0	-0.0	-0.0	-0.0
UDP (cor: 0.90)	-0.0	-0.0	-0.0	0.16344234315034417	0.45612262447662105	0.0	0.0	0.0	-0.0	0.0	0.0	0.0	-0.0	0.0	0.0	0.0	0.0	-0.0	0.0	-0.0	-0.0	0.0	-0.0	0.32119866825070814	-0.0	-0.0	0.0	0.0	-0.0	0.07348821500025587	0.0	0.0	-0.0	0.0	-0.0	0.0	-0.0	-0.0	0.9507258014257405	0.0	0.0	0.0	0.0
N2-Acetyl-L-aminoadipate (cor: 0.90)	0.0	-0.0	0.0	0.0	-0.0	-0.0	0.0	0.0	-0.0	0.0	0.0	-0.0	0.0	0.0	-0.0	-0.0	-0.11416067952887347	0.0	-0.0	-0.0	-0.0	-0.0	-0.0	-0.0	0.0	-0.0	-0.4656167206516219	0.0	-0.0	-0.0	-0.0	0.0	-0.0	-0.0	0.0	-0.37987256753055065	0.012171763592336607	0.0	-0.6080950651720743	-0.0	-0.0	-0.0	-0.16848812581734557
Diphosphate (cor: 0.90)	0.0	0.0	0.0	-0.0	-0.0	-0.0	0.0	-0.0	-0.0	0.0	-0.0	-0.0	0.0	0.0	-0.0	-0.0	-0.0	0.0	0.0	-0.0	0.0	-0.0	-0.0	-0.0	0.0	-0.0	-0.1792339113624838	0.0	-0.0	-0.0	-0.0	-0.0	-0.0	-0.0	0.0	-0.01952364016676966	0.0	0.0	-0.4510552897305716	0.0	-0.12018875586986016	-0.0	-0.10760792508922845
UTP (cor: 0.90)	-0.0	-0.0	-0.0	0.0	0.25333605967265616	0.0	0.0	0.0	-0.0	-0.0	-0.0	0.0	-0.0	0.0	0.0	0.0	0.0	-0.0	0.0	0.0	0.0	0.0	-0.0	0.3326823365147554	-0.0	0.0	0.0	0.0	-0.0	0.4755495503491074	-0.0	0.0	-0.0	0.0	0.0	0.0	-0.008499869552727296	-0.0	0.5054967316484886	0.0	-0.0	0.0	0.0
Glycine (cor: 0.90)	-0.0	-0.0	0.0	-0.0	-0.0	-0.0	-0.0	-0.0	0.0	-0.0	-0.0	0.0	0.0	-0.0	-0.0	-0.0	-0.0	-0.0	-0.0	0.0	-0.197211014542192	-0.0	0.0	-0.0	0.0	-0.0	-0.019536490541619246	-0.0	-0.0	-0.0	0.0	0.0	0.0	-0.22220479647003105	-0.0	0.12626871902009656	0.0	0.0	0.0	0.0	0.0	0.0	0.23896072514665626
L-Valine (cor: 0.90)	-0.0	0.0	0.0	-0.03449040648999639	-0.1741486296229488	0.0	0.0	-0.0	-0.0	-0.0	-0.0	-0.0	-0.0	0.0	-0.0	-0.0	-0.1688191060926677	-0.0	0.0	0.0	0.0	-0.0	-0.0	-0.0	0.0	0.0	-0.0	-0.0	-0.0	-0.0	-0.0	-0.0	-0.0	0.0	0.033094405992590045	-0.0	-0.0	-0.0	0.0	0.0	0.0	-0.0	0.3923657697775627
Methylglyoxal (cor: 0.90)	0.0	0.0	0.0	-0.0	-0.17853440969476977	-0.0	0.0	0.0	-0.0	-0.04341297047716521	-0.0	-0.0	0.0	0.0	-0.0	-0.0	-0.0	0.0	0.0	-0.0	0.0	-0.0	-0.0	-0.0	0.022646874627881165	-0.0	-0.4020214268096065	0.0	-0.0	0.0	-0.0	-0.0	-0.0	0.0	0.0	-0.21919709551844846	-0.0	0.0	-0.0	-0.0	-0.4279394027695473	-0.0	-0.14888665983909416
Orthophosphate (cor: 0.90)	0.0	-0.0	0.0	-0.05926053343323216	-0.05906619480997754	-0.0	0.0	-0.0	-0.0	0.0	-0.0	-0.0	0.0	-0.0	-0.0	-0.0	-0.0	0.0	-0.0	-0.0	-0.0	-0.0	-0.0	0.0	0.0	-0.0	-0.6253719630983119	0.0	0.0	-0.0	0.0	-0.0	-0.0	-0.0	-0.0	-0.0	0.04943742488120141	0.0	-0.480703402163634	0.0	-0.38182427920050577	-0.0	-0.1155053902102581
UDP-N-acetyl-D-glucosamine (cor: 0.89)	-0.08760447287595736	-0.0	-0.0	0.0	0.09880989670059473	0.0	-0.0	-0.0	0.0	0.0	0.0	0.0	-0.0	-0.0	0.0	0.0	0.0	-0.0	0.0	0.0	-0.0	0.0	0.0	0.10222751634922427	-0.0	0.0	0.0	-0.0	0.0	0.0	0.0	0.0	0.0	-0.0	-0.0	0.28436447388691494	-0.0	0.0	1.127521216546796	0.0	0.0	0.0	0.31049978606203577
Raffinose (cor: 0.89)	0.0	0.0	0.0	-0.013273890089182512	-0.0	0.0	0.0	0.0	-0.0	-0.0010831880256696417	-0.0	-0.0	-0.0	0.0	-0.0	-0.0	-0.42753842411682424	0.0	0.0	-0.0	0.0	-0.0	-0.0	-0.0	0.0	-0.0	-0.04287999720238894	0.0	-0.0	0.0	-0.0	-0.0	-0.0	0.0	0.005296470659670978	-0.0	-0.0	-0.0	-0.0	-0.0	-0.1867790778892658	-0.0	-0.08769478266386285
3-Phospho-D-glycerate (cor: 0.89)	0.0	-0.0	0.0	-0.06611525576667882	-0.0	-0.0	0.0	-0.0	-0.0	0.0	-0.0	-0.0	0.0	0.0	-0.0	-0.0	-0.12053944233086443	0.0	-0.0	-0.0	-0.0	-0.0	-0.0	0.0	0.0	-0.0	-0.27065274346136553	0.0	-0.0	-0.0	-0.0	-0.0	-0.0	-0.0	-0.0	-0.1334089776290871	0.08283904026256311	0.0	-0.27247352644459716	0.0	-0.33482394402580085	-0.0	-0.08216456008566694
Glutathione disulfide (cor: 0.88)	-0.0	-0.0	-0.0	0.0	-0.0	0.0	-0.0	0.0	0.0	0.0	0.0	0.0	-0.7162641543122892	-0.0	0.0	0.0	0.0	-1.4885335862801414	-0.0	-0.0	-0.0	0.0	0.0	0.413420924159874	0.0	-0.0	0.47234683648989173	0.0	0.0	0.0	0.0	0.0	0.0	0.0	-0.0	1.5717031163304997	-0.0	-0.0	0.0	-0.0	0.03916723015459566	0.0	-0.0
5-Phosphoribosylamine (cor: 0.88)	0.0	-0.0	0.0	-0.0	-0.0	-0.0	0.0	0.0	-0.1789873991985659	0.0	0.0	-0.0	0.0	0.0	-0.0	-0.0	-0.10690410413395782	0.0	-0.0	-0.0	-0.0	-0.0	-0.0	-0.0	0.0	-0.0	-0.09964210995156131	0.0	-0.0	-0.0	-0.0	-0.0	-0.0	-0.0	-0.0	-0.019345628676857355	0.005373671686742662	0.0	-0.7582875087276119	0.0	-0.0013818708908019336	-0.0	-0.17359443337876837
L-2-Aminoadipate (cor: 0.88)	0.0	-0.0	0.0	0.0	-0.0	-0.0	-0.0	0.0	-0.0	0.0	0.0	-0.0	0.0	-0.0	-0.0	0.0	-0.022829809351292085	0.0	-0.0	-0.0	-0.0	-0.0	0.0	-0.0	0.0	-0.0	-0.2032398918764052	0.0	-0.0	-0.0	0.0	-0.0	-0.0	-0.0	-0.0	-0.0	0.14447667980408757	0.0	-0.16914409826080795	0.0	-0.18868060774171097	-0.0	-0.13028628279726984
AMP (cor: 0.88)	-0.0	-0.0	0.0	-0.0	0.0	0.0	-0.0	-0.0	-0.0	0.08525559379716056	0.0	-0.0	-0.0	0.0	0.0	-0.0	-0.22035753513707368	-0.0	0.0	-0.0	-0.0	0.0	-0.0	0.07130383668348658	0.0	0.0	0.0	0.0	0.0	0.0	-0.0	0.0	-0.0	0.0	-0.0	-0.0	0.0	-0.0	0.0	0.0	0.0	0.0	0.0
Glycerone (cor: 0.87)	0.30685261703500794	0.0	0.0	0.0	-0.09575535268050574	0.0	0.0	0.0	-0.0	-0.0	-0.0	0.0	-0.0	0.0	0.0	-0.0	-0.3472401426370876	-0.0	-0.0	-0.0	0.0	-0.0	-0.0	-0.0	0.04800713129870521	-0.0	-0.0	0.0	-0.0	0.0	-0.0	-0.0	-0.0	0.0	0.0	-0.3504815621265141	-0.0	-0.0	-0.0	-0.0	-0.011747461368892948	-0.0	-0.11306295571760497
L-Leucine (cor: 0.87)	-0.0	-0.0	-0.0	0.0	-0.0	0.0	-0.0	0.0	0.0	0.0	0.0	0.0	-0.0	0.0	0.0	0.0	0.0	-0.11022537073601614	-0.0	0.0	-0.0	0.0	-0.0	0.03726570103469716	-0.0	0.0	0.2224679712028215	-0.0	-0.0	0.0	0.0	0.0	0.0	0.0	-0.0	0.0	-0.0	-0.0	0.025016202866269845	0.0	0.10508720552044647	0.0	0.29750056703170047
Glycerone phosphate (cor: 0.86)	0.0	-0.0	0.0	-0.0	-0.0	-0.0	0.0	0.0	-0.0	-0.0	-0.0	-0.0	0.0	-0.0	-0.0	-0.0	-0.0	0.0	-0.0	-0.0	-0.0	-0.0	0.0	-0.0	0.0	-0.0	-0.17912323076013004	0.0	-0.0	-0.0	0.0	-0.0	-0.0	-0.0	-0.0	-0.0	0.0	0.0	-0.19647668948868607	0.0	-0.46018417701752207	-0.0	-0.12287943476224153
4alpha-Methylzymosterol-4-carboxylate (cor: 0.86)	0.0	-0.0	0.0	-0.0	-0.6360056570321573	-0.0	0.0	0.6610140721456494	-0.0	-0.0	-0.0	0.0	0.0	0.0	0.0	-0.0	-0.7708368422175678	-0.0	-0.0	-0.0	0.0	-0.0	-0.0	-0.0	0.09606110075669418	-0.0	-0.0	0.0	-0.0	0.0	-0.0	0.0	-0.0	0.0	0.0	-0.0	0.0	-0.0	0.0	-0.06220741372393166	0.0	-0.0	0.0
Propanoate (cor: 0.86)	0.0	-0.0	0.0	0.0	-0.17366970060315992	0.0	0.0	0.0	-0.0	0.0	-0.0	-0.0	0.0	0.0	0.0	-0.0	-0.1479833806089266	-0.0	-0.0	-0.0	-0.0	-0.0	-0.0	0.0031516756379103054	0.0	-0.0	-0.0	0.0	-0.0	-0.0	-0.0	0.0	-0.0	-0.0	-0.0	-0.01692564357413142	0.0	0.0	-0.0	0.0	-0.1131682878645528	-0.0	-0.20607486860580695
O-Phospho-L-homoserine (cor: 0.85)	0.0	0.0	0.0	0.0	-0.04115173304560265	-0.0	0.0	0.0	-0.0	-0.0	-0.0	-0.0	0.0	0.0	-0.0	-0.0	-0.13381886603275037	0.0	-0.0	-0.0	0.0	-0.0	-0.0	-0.0	0.0	-0.0	-0.0	0.0	-0.0	-0.0	-0.0	-0.0	-0.0	0.0	0.0	-0.281898277597474	0.0	0.0	-0.35019633470098144	-0.0	-0.0	-0.0	-0.061353695707174485
2-Isopropylmaleate (cor: 0.85)	0.0	-0.0	0.0	0.0	-0.0	-0.0	0.0	0.0	-0.0	-0.0	-0.0	-0.0	0.0	0.0	-0.0	-0.0	-0.10943460920590646	0.0	-0.0	-0.0	0.0	-0.0	-0.0	-0.010193559943393878	0.0	-0.0	-0.0010500419674802576	0.0	-0.0	0.0	-0.0	-0.0	-0.0	0.0	0.0	-0.0	0.0	0.0	-0.0	-0.0	-0.181219651517039	-0.0	-0.03299436121226009
Linoleate (cor: 0.85)	0.0	-0.0	0.0	-0.26518344576568526	-0.5057529359753837	0.0	0.0	0.18550925311989616	-0.0	-0.1872298313365832	-0.0	0.0	0.0	0.04862649508865078	-0.0	-0.0	-0.38812560147452746	-0.8678338053442056	-0.0	-0.0	0.0	-0.0	-0.0	-0.0	0.3017475618764522	-0.0	-0.0	0.0	-0.0	-0.0	-0.0	0.0	-0.0	0.0	0.0	-0.0	-0.0	-0.0	0.0	-0.0	-0.0	-0.0	0.0
L-Alanine (cor: 0.85)	0.0	0.0	0.0	0.0	-0.018371789208327056	0.0	0.0	0.0	-0.0	-0.0	-0.0	-0.0	0.0	0.10917453130698283	-0.0	-0.0	-0.16179065669218115	-0.0	0.0	0.0	0.0	-0.0	-0.0	-0.05804790008209822	0.0	0.0	-0.008239559113714028	0.0	-0.0	0.0	-0.0	-0.0	-0.0	0.0	0.02461119938913792	-0.17626159516967496	-0.0	-0.0	-0.0	-0.0	-0.0	-0.0	-0.0
NADH (cor: 0.83)	-0.0	-0.0	-0.0	0.0636800524311267	-0.0	-0.0	-0.0	0.0	0.0	0.034599355387655135	0.0	-0.0	0.0	-0.0	0.0	0.0	-0.0	0.0	-0.0	0.0	-0.0070799291266579	0.0	0.0	-0.0	0.0	0.0	-0.0	-0.0	0.0	-0.0	0.0	0.0	0.0	-0.0	-0.0	0.0	0.3140466058586663	0.0	-0.0	-0.0	-0.0	-0.0	-0.06875527646422067
3-Hydroxyanthranilate (cor: 0.83)	0.0	-0.0	0.0	0.0	-0.19700774272724766	-0.0	0.0	0.0	-0.0	0.0	0.0	-0.0	0.0	0.0	0.0	-0.0	-0.3624135051278131	-0.0	-0.0	-0.0	-0.0	-0.0	-0.0	-0.0	0.0	0.0	-0.0	0.0	-0.0	0.0	-0.0	0.0	-0.0	0.0	0.0	-0.15095406596809846	0.0	0.0	-0.0	-0.0	-0.0	-0.0	-0.1518279254476282
CDP (cor: 0.83)	-0.0	0.0	-0.0	0.0	0.0	0.0	0.0	0.0	0.0	-0.0	-0.0	0.0	-0.0	0.0	0.0	0.0	0.0	-0.0	0.0	0.0	0.0	0.0	-0.0	0.1747146397967782	-0.0	0.0	0.10672367504563135	0.0	-0.0	0.12759325682485237	-0.0	0.0	-0.0	0.1508123938704336	0.0	-0.0	-0.012816200629823788	-0.0	0.0	-0.0	0.0	0.0	0.0051362711302084165
(R)-3,3-Dimethylmalate (cor: 0.83)	0.0	-0.0	0.0	0.0	-0.0	-0.0	0.0	0.0	-0.0	0.0	0.0	-0.0	0.0	0.0	0.0	0.0	-0.06392430672237279	-0.0	-0.0	-0.0	-0.0	-0.0	-0.0	0.0	0.3547130645085269	-0.0	-0.0	0.0	-0.0	-0.0	-0.0	0.0	-0.0	-0.0	-0.0	-0.26590320792694777	0.0	0.0	-0.0	0.0	-0.06411971445926166	-0.0	-0.005596326452291547
2-Oxobutanoate (cor: 0.82)	0.0	-0.0	0.0	0.0	-0.04803997628352806	-0.0	0.0	0.0	-0.0	-0.0	-0.0	-0.0	0.0	0.0	-0.0	-0.0	-0.0	0.0	-0.0	-0.0	0.0	-0.0	-0.0	-0.0	0.09398543738142871	-0.0	-0.1758480087497299	0.0	-0.0	-0.0	-0.0	-0.0	-0.0	0.0	0.0	-0.12725665122185426	0.0	0.0	-0.004968287292035752	-0.0	-0.2764956289971652	-0.0	-0.1358409865260659
D-Fructose 6-phosphate (cor: 0.81)	0.0	-0.0	-0.0	0.0	0.0	-0.0	-0.0	0.0	-0.0	-0.0	0.0	-0.0	0.0	-0.0	-0.0	0.0	0.0	0.019838003128886606	-0.0	0.0	-0.0	-0.0	0.0	-0.059415785345564874	0.0	-0.0	-0.0	-0.0	0.0	-0.0	0.0	-0.0	0.0	-0.0	-0.11153523141641544	0.0	0.0	0.0	-0.0	-0.0	-0.278778013650064	-0.0	-0.19599379374353346
Tetracosanoic acid (cor: 0.80)	0.0	-0.0	0.0	-0.0	-0.08733710797968047	-0.0	0.0	0.0	-0.0	0.0	-0.0	-0.0	0.0	-0.0	-0.0	-0.0	-0.04759732466064597	0.0	-0.0	-0.0	-0.0	-0.0	-0.0	0.0	0.0	-0.0	-0.0	0.0	0.0	-0.0	0.0	-0.0	-0.0	-0.0	-0.0	-0.0	0.08950304936811947	0.0	-0.0	0.0	-0.0	-0.0	-0.07451042818501626
8-Amino-7-oxononanoate (cor: 0.80)	0.0	0.0	0.0	-0.0	-0.42215343191151355	0.0	0.0	0.0	0.0	-0.0	-0.0	0.0	-0.0	0.0	0.0	0.0	0.0	-0.7934510761009381	-0.0	-0.0	0.0	-0.0	-0.0	0.11051257713085619	0.0	-0.0	0.045988655073370105	0.0	-0.0	0.0	-0.0	0.0	-0.0	0.0	0.0	0.0	-0.0	-0.0	0.0	-0.2115005298518986	0.0866109095498795	-0.0	-0.0
2-Oxoglutarate (cor: 0.80)	0.0	-0.0	0.0	-0.1028738422252994	0.0	-0.0	-0.0	0.0	-0.0	-0.0	-0.0	-0.0	0.33992162273227045	-0.0	-0.0	-0.0	0.0	0.10216455446417046	-0.0	0.0	-0.0	-0.0	0.0	-0.0	0.0	-0.0	-0.40874953426028166	-0.0	-0.0	-0.0	0.0	-0.0	0.0	-0.0	-0.0	0.0	0.0	0.0	-0.0	0.0	-0.6627621857782723	0.0	-0.0
2,5-Dioxopentanoate (cor: 0.79)	0.0	-0.0	0.0	0.0	-0.0	-0.0	0.0	0.0	-0.0	0.0	0.0	-0.0	0.0	0.0	0.0	-0.0	-0.27527558254254375	-0.0	-0.0	-0.0	-0.0	-0.0	-0.0	0.0	0.07495229470766285	-0.0	-0.0	0.0	-0.0	-0.0	-0.0	0.0	-0.0	-0.0	-0.0	-0.0	0.0691929021465813	0.0	-0.0	0.0	-0.033672303471787034	-0.0	-0.032621870702091195
L-Tryptophan (cor: 0.79)	0.0	-0.0	0.0	0.0	-0.06164663572020323	-0.0	-0.0	-0.0	0.0	0.0	0.0	0.0	0.0	-0.0	0.0	0.0	-0.06121673512616282	-0.5776663000111194	-0.0	-0.0	-0.0	-0.0	-0.0	0.06692053977989776	0.0	0.0	0.0	-0.0	0.0	-0.0	-0.0	0.0	-0.0	-0.0	-0.0	-0.0	0.011592508129407512	-0.0	0.0	0.0	0.015426163255283577	-0.0	0.07262524752783354
Glutarate (cor: 0.79)	0.0	-0.0	0.0	0.0	-0.0	-0.0	0.0	0.0	-0.0	0.0	0.0	-0.0	0.0	0.0	0.0	0.0	-0.17223640886503946	-0.0	-0.0	-0.0	-0.0	-0.0	-0.0	0.0	0.167080852669301	-0.0	-0.0	0.0	-0.0	-0.0	-0.0	0.0	-0.0	0.0	-0.0	-0.11991186103207446	0.04016892949901055	0.0	-0.0	-0.0	-0.0	-0.0	-0.09797290164971754
3-Propylmalate (cor: 0.78)	0.0	-0.0	-0.0	0.0	-0.0	-0.0	0.0	0.0	-0.0	0.0	0.0	-0.0	0.0	-0.0	0.0	0.0	-0.0	0.0	-0.0	-0.0	-0.0	-0.0	-0.0	-0.0	0.0	-0.0	-0.0	0.0	-0.0	-0.0	0.0	0.0	-0.0	-0.0	-0.0	-0.0	0.12819452185136954	0.0	-0.0	0.0	-0.201961685124713	-0.0	-0.07749532066998836
Succinate (cor: 0.78)	0.0	-0.0	0.0	0.0	-0.09126744051362656	0.0	0.0	0.0	-0.0	0.0	-0.0	-0.0	-0.0	0.0	0.0	-0.0	-0.04233747680064659	-0.0	-0.0	-0.0	-0.0	-0.0	-0.0	0.07307888112555583	0.0	-0.0	-0.0	0.0	-0.0	0.0	-0.0	0.0	-0.0	0.0	0.0	-0.0	0.0	-0.0	-0.0	-0.0	-0.0	-0.0	-0.21021644679634707
alpha-N-Phenylacetyl-L-glutamine (cor: 0.77)	0.0	-0.0	0.0	-0.04663711068312585	-0.0	-0.0	0.0	0.61744730978935	-0.13915933287507534	-0.0	0.0	-0.0	-0.0	0.0	0.0	0.0	-0.1949265931553944	0.0	-0.0	-0.0	-0.0	-0.0	-0.0	0.13911012163344724	0.015451022030409418	-0.0	0.0	0.033776748685108694	-0.0	0.0	0.0	0.0	-0.0	0.0	-0.0	-0.0	0.0	0.0	-0.0	0.0	-0.0	-0.0	-0.0
Indolepyruvate (cor: 0.77)	0.0	0.0	0.0	0.03579033397544364	-0.2730862702636281	-0.0	0.0	0.0	-0.0	0.0	-0.0	0.0	-0.0	0.04639267357373608	0.0	0.0	-0.3793040830680232	-0.0	0.0	-0.0	0.0	0.0	-0.0	0.0	0.0	0.0	0.0	0.0	-0.0	0.0	-0.0	0.0	-0.16284528325026248	0.0	0.0	-0.10334020323835623	0.0	-0.0	-0.0	-0.0	0.0	-0.0	-0.0
Indole-3-acetaldehyde (cor: 0.77)	0.0	-0.0	0.0	0.0	-0.07221861155849559	-0.0	0.0	0.0	-0.0	0.009721979566865012	0.0	-0.0	-0.0	0.0	0.0	0.0	-0.19122682294109186	-0.0	-0.0	-0.0	-0.0	-0.0	-0.0	0.0	0.0	0.0	-0.0	0.0	-0.0	0.0	-0.0	0.0	-0.0	0.0	0.0	-0.09491678395970556	0.0	-0.0	-0.0	0.0	-0.0	-0.0	-0.020619577560695056
L-Phenylalanine (cor: 0.77)	0.0	0.0	-0.0	0.0715966328075572	0.0	0.0	0.0	0.0	0.0	-0.0626961128837928	-0.0	0.0	-0.0	0.0	0.0	0.0	0.0	-0.19241477585270175	0.0	0.0	0.0	0.0	0.0	-0.0	-0.0	0.0	0.0	0.0	-0.0	0.0	-0.0	0.0	0.0	0.0	0.0	0.0	-0.0	-0.0	0.0	-0.0	0.05649661397718398	0.0	0.18531407770139668
O-Phospho-L-serine (cor: 0.77)	-0.0	0.0	0.0	-0.11125072386586791	0.0	0.10364277958309462	0.0	0.0	-0.0	-0.0	-0.0	-0.0	-0.0	0.0	-0.0	-0.0	-0.2476601943648381	-0.0	0.0	-0.0	0.0	-0.0	-0.0	-0.0	0.0	-0.0	-0.0	0.0	-0.0	0.0	-0.0	-0.0	-0.0	0.0	0.0	0.0	-0.12173133063202639	-0.0	0.0	0.0	-0.0	0.0	0.10044342339933462
(9Z)-Octadecenoic acid (cor: 0.75)	0.0	-0.0	0.0	-0.0	-0.2819843806515466	0.0	0.0	0.06372824801100646	-0.0	-0.06490733541070316	-0.0	0.0	0.0	0.055681653972180924	-0.0	-0.0	-0.3541612596322166	-0.20959520102405632	-0.0	-0.0	0.0	-0.0	-0.0	-0.0	0.0	-0.0	-0.0	0.0	-0.0	0.0	-0.0	0.0	-0.0	0.0	0.0	-0.0	-0.0	-0.0	0.0	-0.0	-0.0	-0.0	0.0
2-Oxoadipate (cor: 0.73)	0.0	-0.0	0.0	0.03837884247910863	-0.0	0.0	0.0	0.0	-0.0	0.0	-0.0	0.0	0.0	0.0	0.0	0.0	-0.15979389244249642	-0.09028117030937485	0.0	-0.0	0.0	-0.0	-0.0	0.06411164413717661	0.0	0.0	-0.0	0.0	-0.0	0.0	-0.0	0.0	-0.4549631767628164	0.0	0.0	-0.0	0.0	-0.0	-0.0	-0.0	-0.0	-0.0	-0.0
Toluate (cor: 0.70)	-0.0	-0.0	0.0	-0.0	-0.07462975939601367	0.0	-0.0	-0.0	0.0	0.0	-0.0	0.0	0.0	-0.0	-0.0	-0.0	0.0	-0.0044646184124820885	-0.0	-0.0	-0.0504371668102414	-0.0	0.0	0.0	0.0	-0.0	-0.3201386075240005	-0.0	-0.0	-0.0	0.0	0.0	0.0	-0.0	-0.0	0.0	0.0	-0.0	0.0	0.0	0.0	0.0	0.2132755848785084
Tetradecanoic acid (cor: 0.68)	0.0	-0.0	0.0	-0.021784241230641977	-0.07775010796110313	0.0	0.0	0.0	-0.0	-0.017820429327646152	-0.0	0.0	0.0	0.0	-0.0	-0.0	-0.12648046870905366	-0.0	-0.0	-0.0	0.0	-0.0	-0.0	-0.0	0.40480230856626526	-0.0	-0.0	0.0	-0.0	-0.0	-0.0	0.0	-0.0	0.0	0.0	-0.0	-0.0	-0.0	0.0	-0.0	-0.0	-0.0	0.0
L-Glutamate (cor: 0.66)	-0.0	-0.0	0.0	-0.0842575414451181	0.11225751294933024	0.08399298730979596	0.0	0.0	-0.0	-0.0	-0.0	-0.0	-0.0	0.0	-0.0	-0.0	-0.025256314041100656	-0.0	0.0	-0.0	-0.0	-0.0	-0.0	-0.0	0.0	-0.0	-0.009307319377637537	-0.0	-0.0	0.0	-0.0	0.0	0.0	0.0	0.0	0.0	-0.0	-0.0	0.0	0.0	-0.0	0.0	0.2880044174079369
3-Methyl-2-oxobutanoic acid (cor: 0.63)	0.0	-0.0	0.0	0.0	-0.0	-0.0	0.0	0.0	-0.0	0.0	0.0	-0.0	0.0	0.0	0.0	0.0	-0.1377511140049504	-0.0	-0.0	-0.0	-0.0	-0.0	-0.0	0.0	0.08559317975665026	-0.0	-0.0	0.0	-0.0	0.0	-0.0	0.0	-0.0	0.0	-0.0	-0.043423350227186144	0.019989286187374087	0.0	-0.0	0.0	-0.0	-0.0	-0.04066284646581757
4-Aminobutanoate (cor: 0.63)	-0.0	-0.0	0.0	-0.0076723162070518654	0.0	0.012269283582921843	0.0	0.0	-0.0	-0.0	-0.0	-0.0	-0.0	0.0	-0.0	-0.0	-0.03338638523675529	-0.0	0.0	-0.0	-0.0	-0.0	-0.0	-0.0	0.0	-0.0	-0.0	0.0	-0.13778746431644406	0.0	-0.0	-0.0	0.0	0.0	0.0	0.0	-0.0	-0.0	0.0	0.0	-0.0	0.0	0.24714168057235195
L-Threonine (cor: 0.62)	0.0	-0.0	-0.0	-0.0	0.0	0.0	0.0	0.0	0.0	-0.03968691413831882	-0.0	0.0	0.0	-0.0	-0.0	-0.0	-0.03166257333132347	-0.0	-0.0	0.0	-0.0	-0.0	0.0	-0.12364954033157549	0.0	-0.0	-0.0	-0.0	-0.0	-0.0	0.0	-0.0	0.0	-0.0	-0.10069966905889896	0.0	-0.0	0.0	0.0	0.0	-0.0	0.0	0.040509317969667974
Adenine (cor: 0.57)	-0.0	-0.0	-0.0	-0.0	0.0	-0.0	0.0	0.0	-0.0	0.0	0.0	0.0	-0.0	-0.0	0.0	0.0	0.0	0.0	-0.0	-0.0	-0.0	0.0	0.0	0.0393135982729351	-0.0	-0.0	0.0	0.0	0.0	0.0	0.0	0.0	-0.0	0.0	-0.0	0.0	-0.0	0.0	0.0	-0.0	-0.0	0.0	-0.0591700929620192
CTP (cor: 0.55)	-0.0	-0.0	0.0	-0.0	0.0	0.0	0.0	0.0	-0.0	-0.0	-0.0	-0.0	-0.0	0.03752317854111485	-0.0	-0.0	-0.04230371997069198	-0.0	0.0	-0.0	-0.0	0.0	-0.0	-0.0	0.0	-0.0	-0.0	0.0	-0.04399489333663342	0.0	-0.0	0.0	-0.0	0.0	0.0	-0.0	-0.0	-0.0	0.0	-0.0	-0.0	0.0	0.0
Octanoic acid (cor: 0.48)	0.0	-0.0	-0.0	0.0	0.0	-0.0	0.0	0.016485267796568896	0.0	-0.0	-0.0	0.0	0.0	-0.0	0.0	0.0	0.0	0.0	-0.0	0.0	-0.0	-0.0	0.0	-0.0	0.0	-0.0	0.0	-0.0	-0.0	-0.0	0.0	-0.0	0.0	-0.0	-0.0	0.0	-0.0	0.0	-0.0	-0.0	-0.0	0.0	-0.08073607924597608
D-Ribose 5-phosphate (cor: 0.47)	0.0	-0.0	-0.0	0.0	0.0	0.0	0.0	0.0	-0.0	0.0	0.0	0.0	-0.0	-0.0	0.0	0.0	-0.0	-0.0	-0.0	-0.0	-0.09893483694692132	0.0	0.0	0.0	0.0	-0.0	0.0	0.0	-0.0	0.0	0.0	0.0	0.0	-0.0	-0.0	0.0	0.0	0.0	0.0	-0.0	-0.0	0.0	-0.0
Decanoic acid (cor: 0.46)	-0.0	-0.0	-0.0	-0.0	-0.0	-0.0	-0.0	0.0	0.0	0.0	-0.0	0.0	0.0	-0.06905010089255727	-0.0	0.0	0.0	-0.0	-0.0	0.0	-0.0	-0.0	0.0	0.0	0.0	-0.0	0.0	-0.0	0.0	-0.030105225183195493	0.0	0.0	0.0	-0.0	-0.0	0.0	0.0	0.0	0.0	0.0	0.0	0.0	0.0
