	PSK1	FUS3	TEL1	PPS1	MPS1	SIT4	PPH21	SNF1	RIM15	PKP2	PCL10	SLT2	KSP1	CKA1	PKP1	PRK1	YVH1	TPK1	YPK1	CTK1	PTK1	KNS1	HOG1	VPS34	STE11	CMP2	CDC5	SIW14	PCL1	CLA4	MCK1	PSK2	CKB2	CKA2	MKK1	PHO85	SSN3	FRK1	CLN2	CLB2
L-Glutamine (cor: 1.00)	0.0	0.0	-0.0	0.0	-0.12389364747175076	-0.27931157140353596	0.2077866757542841	1.3438232558990866	0.0	-0.0	-0.7797691834367226	-0.0	-0.501170761863911	-0.10193420187950408	-0.0	0.08022270361181304	0.0	0.257498260153516	0.0	0.0	-0.0	-0.0	0.0	-0.9649317285253486	0.0	-0.0	0.0	0.0	0.0	0.0	0.0	-2.1378095539257376	0.0	1.717736077836782	0.0	0.0	0.0	-0.0	0.0	-0.0
5,6-Dihydrothymine (cor: 1.00)	0.0	0.0	-0.0	0.0	-0.586267873919928	-0.4440709764112922	0.0	0.6032518944530385	0.0	-0.0	-0.38694711319456243	-0.0	-0.3867503171045916	-0.49302913820015914	-0.0	0.40506454416237714	0.0	0.30379751131243005	-0.0	0.0	-0.0	-0.0	0.0	-0.9476943788447965	0.19304337206797278	-0.0	0.0	0.3027698249968917	0.0	-0.0	0.0	-1.928694759529505	0.0	0.744621525531728	0.2944198277191445	0.0	0.0	-0.0	0.0	-0.0
N-Acetyl-L-glutamate (cor: 0.99)	-0.0	0.16365500674225109	0.0	0.42820201358522497	-0.14100882965342865	-0.05573206731443029	0.0	0.2572756841547601	0.0	-0.0	-1.815540652904203	-0.0	-0.0	-0.31979152428491225	-0.0	0.0	0.0	0.0	-0.2662177074434518	-0.0	0.0	-0.0	-0.11866540886134132	-0.34571827884739503	0.037662924419794665	-0.11840536763862748	0.5572870443875587	0.0	0.0	0.0	0.0	-1.3224211997013577	0.0	0.0	0.0	0.0	0.0	-0.0	0.0	-0.0
Citrate (cor: 0.99)	0.0	-0.0	-0.0	-0.7205773013954314	0.0	0.08023912900139847	0.0	-0.09535812356205234	-0.24911564503695047	-0.0	0.6224090559643851	0.0	0.0	1.1961613190333495	0.20719216222797235	-0.0	-0.0	0.0	0.0	0.0	-0.0	0.0	-0.15526985245221656	0.5116354974497838	-0.42916384040009814	0.0	-0.142110312165773	-0.0	-0.0	0.0	-0.0	0.0	-0.0	-0.0	-0.0	0.0	0.0	-0.0	0.0	0.0
D-erythro-1-(Imidazol-4-yl)glycerol 3-phosphate (cor: 0.99)	-0.0	0.0	-0.0	-0.0	-0.0	-0.19706703076797752	-0.08987275717379604	0.0	-0.0	-0.3256589091257921	-0.0	-0.0	-0.0	-0.10141224799732151	0.0	0.0	0.0	0.0	-0.016563401724203695	-0.0	-0.0	-0.0	-0.15704143429316886	-0.3908360840211148	0.0	0.0	0.0	0.3123674802927395	-0.0	0.10278314068084869	-0.0	-0.0	0.0	0.0	-0.0	-0.0	-0.3912984419697702	-0.0	0.09454228815534652	-0.0
(S)-Malate (cor: 0.99)	-0.0	-0.0	0.0	-0.0	0.0	0.1108494117630545	-0.0	-1.230402710706322	-0.4390721396339874	-0.0	1.058630240430706	0.0	0.164831175619993	0.0	0.0	-0.0	-0.0	-0.2183832771062611	0.0	0.0	-0.0	0.0	-0.20618390169705436	0.0	-0.0	0.09844975646409385	-0.0	-0.06434265322273046	-0.0	-0.0	-0.0	0.334251988313921	-0.0	-0.0	-0.0	0.0	-0.0	-0.3729700232015082	0.0	0.0
4-Oxoproline (cor: 0.99)	0.0	0.46983739924939527	-0.0	0.10291529393337051	-0.0	-0.3035656094716935	-0.0	0.0	0.0	-0.0	-0.0	-0.0	-0.20141875179385751	-0.3516622210680731	0.0	0.0	0.0	0.20502716168891227	-0.4708915412532864	0.0	-0.0	-0.0	0.050103275613719675	-0.507304534807014	0.0	-0.0	0.0	0.03805974955253724	-0.0	-0.0	0.0	-0.6253660172389325	0.0	0.0	0.0	0.0	-0.0	-0.3225645978712394	0.0	-0.0
L-Proline (cor: 0.99)	-0.0	0.0	0.0	-0.31949678464647824	0.0	0.38226308753673827	0.0	-0.0	-0.19810629718646866	-0.0	0.46263344340155715	0.0	0.0	0.5821235099396087	0.1924356332346537	-0.3624813514840684	-0.0	-0.4257702911374812	0.0	-0.0	-0.0	0.0	-0.019779948324728545	0.005434705242916802	-0.08441956124506192	0.0	-0.7202083844047643	-0.24681592606245623	-0.0	0.0	-0.0	0.702002559638584	-0.0	-0.0	-0.0	0.0	0.0	-0.010759082967185751	0.0	0.0
Inosine (cor: 0.99)	-0.0	1.4950068824932299	-0.0	1.9751334183376263	-0.0	-1.1130936921627819	-0.0	-0.0	0.0	0.0	1.04627058055491	0.0	-0.0	-0.0	-0.0	1.7948374438800987	0.0	-0.0	-1.0238955272861177	0.0	-0.721485937540362	0.0	-0.4477612781984356	0.0	0.0	0.0	-0.0	-0.0	-0.0	0.08772495685871728	-2.395839641631924	0.0	0.0	0.0	0.0	0.0	-0.0	-0.5595688598096388	0.0	-2.735134891231136
Fumarate (cor: 0.99)	-0.0	0.0	0.0	-0.0	0.0	0.09109257229951749	-0.0	-0.5992351558654615	-0.2654152881343217	-0.0	0.756030348416482	0.0	0.0	0.19292420701873803	0.0	-0.0	-0.0	-0.14119769010068658	0.0	0.0	-0.0	0.0	-0.19692755509091567	0.0	-0.0	0.022473982806303187	-0.05002833915506723	-0.09209278153526215	-0.0	-0.0	-0.0	0.21481768054326764	-0.0	-0.0	-0.0	0.0	-0.0	-0.19619095109953258	0.0	0.0
L-Aspartate (cor: 0.98)	-0.0	0.0	0.0	0.41136933740380466	-0.0	-0.0	-0.0	0.0	0.08073990886778665	0.0	0.3775439466138522	-0.0	0.0	0.0	0.4279806727472757	0.0	-0.0	-0.28248686613602286	-0.28636780757720237	0.0	-0.0	0.0	-0.15754035382435624	0.0	0.0	-0.3806001080560666	-0.0	-0.0	-0.0	-0.09972112923720232	0.0	-0.0	-0.0	0.0	0.7778048175109596	0.0	0.2040936483860746	-0.0	-0.0	0.0
L-Ornithine (cor: 0.98)	0.0	0.0	-0.0	0.1400749614128573	-0.0	-0.40512609339599703	-0.0	0.0	0.04507035725752974	0.0	0.0	-0.0	-0.0	-0.39907988429933516	0.0	0.0	0.0	0.0	-0.444239027775631	0.0	-0.0	0.0	0.0	-0.0	0.5879759368804253	-0.0	0.0	-0.0	0.0	-0.028183499886802944	-0.0	-0.3368297784574961	0.0	0.0	0.0	0.0	-0.0	-0.27949549403751195	-0.0	-0.4907061505478613
gamma-L-Glutamyl-L-cysteine (cor: 0.98)	-0.0	0.26771089238999707	-0.0	0.626629930582601	-0.0	-0.32829609725964426	-0.0	0.0	0.0	0.0	-0.0	-0.0	-0.0	-1.0465921404053493	-0.0	0.0	0.16326996827901077	-0.0	-0.5779502901557038	0.0	0.0	-0.0	0.0	-0.0	0.0	0.0	-0.0	0.0	0.0	0.0	-0.0	-0.0	0.0	0.0	0.0	0.0	-0.0	-0.265757842547897	0.0	-0.0
Sucrose (cor: 0.98)	-0.0	0.0	0.0	0.0	0.0	1.1679937083177225	-0.1358872084002758	0.0	0.0	-0.0	0.0	-0.10124820796516103	0.0	0.6700958466532805	0.0	-0.2040247676399748	-0.0	0.07402685461882372	-0.0	-0.0	0.19442077123591545	0.0	-0.045486591201845665	0.2631998031444761	-1.6532752484547797	-0.0	-0.0	0.0	-0.35513003368190627	0.23857789798729348	0.6881794689067229	0.2017270621866361	-0.0	-0.0	0.0	0.0	0.0	-0.0	0.0	1.3492950265637897
N-(L-Arginino)succinate (cor: 0.98)	-0.0	0.0	-0.0	-0.0	-0.0	-0.23740593676661306	-0.0	-0.0	0.0	-0.0	0.0	-0.0	-0.0	-0.0	-0.02002187047519061	0.0	0.0	-0.0	-0.49792507663340413	-0.0	-0.0	0.0	-0.041642630492023595	-0.048494591154771526	-0.0	-0.0	0.0	0.0	-0.0	0.06016601519561193	-0.0	-0.0	0.0	0.0	0.0	0.0	-0.44937744951152625	-0.11777142018184664	0.1921741424947763	-0.5320176561656
Lipoate (cor: 0.97)	0.008849114776407749	-0.0	-0.0	-0.3204744501073126	-0.0	-0.0	0.021740958434907857	-0.0	-0.0	-0.0	-0.8333247189495696	0.0	0.0	-0.0	0.02431976039463822	0.0	-0.0	0.0	0.0	-0.0	0.0	-0.404656319499229	0.0	0.0	0.0	-0.0	0.14002473852389324	-0.0	0.0	-0.0902527859095062	-0.0	-0.320767496274948	0.0	0.0	-0.0	-0.0	0.0	0.033793921804619716	-0.0	0.0
UDP-glucose (cor: 0.97)	0.0	0.0	-0.0	0.0	0.0	0.1932760356726668	-0.0	-0.0	-0.0	0.0	0.6112965762943086	0.0007096657731442928	0.0	0.0	0.3144017993542035	-0.0	0.0	-0.0	-0.0	0.0	-0.0	0.0	0.0	0.0	0.0	0.0	-0.22129163287241319	-0.13627677600267307	-0.0	-0.05062618726521441	-0.0	0.0	-0.0	-0.0	0.0	0.0	-0.0	-0.016159587120489892	0.0	-0.0
L-Histidine (cor: 0.97)	0.0	0.0	-0.0	0.4400657238127209	-0.0	-0.5870013887819874	0.0	0.0	0.22557171650565577	-0.0	-0.0	-0.0	-0.0	-0.0	0.06576215957748252	0.46829028296588493	0.0	0.2590505263118906	-0.4049495579781209	0.0	-0.0	0.0	0.1147073419633562	-0.0	0.1861698267526861	-0.03316841268280314	0.0	-0.0	-0.0	-0.0	0.0	-0.2725017846514698	0.0	0.0	0.0	0.0	-0.0	-0.26452950133260156	0.0	-0.0
Pyruvate (cor: 0.97)	-0.0	-0.0	0.0	-0.0	0.0	0.0	0.10420660772176292	-0.0	-0.22216997833934846	-0.0	0.0	0.0	0.0	0.21341570398208087	0.0	-0.0	-0.20805835554699253	0.0	0.24980867179767008	-0.0	0.0	-0.0	-0.04623219061553651	0.11639508206356929	-0.0	-0.0	-0.0	-0.0	-0.0	0.0	-0.0	0.0	-0.0	-0.0	-0.0	-0.0	0.3750758975938047	0.0	0.0	0.15649348638962532
4-Acetamidobutanoate (cor: 0.97)	-0.0	0.0	0.0	-0.0	-0.0	-0.0	0.0	0.051212959519728846	0.0	-0.0	-0.4788467779796066	-0.0	-0.0	-0.0	-0.0	0.0	0.0	0.0	-0.0	-0.0	0.06523768966583272	-0.04349170681388059	-0.0	-0.0	0.0	-0.028631695019324613	0.0	0.0735530716098091	0.0	0.03531664045246724	0.0	-0.14047945034533246	0.0	0.0	0.0	-0.0	0.0	0.0	0.0	0.0
Glutathione disulfide (cor: 0.96)	-0.0	0.1961782550128028	0.0	0.947307629231306	0.0	0.044031679240103566	-0.0	-0.0	0.07130111014822636	0.0	0.0	-0.0	0.0	-0.0	-0.0	-0.0	0.4630758868056909	0.0	-0.7759250840245422	0.0	0.0	0.0	-0.7060047764830861	-0.0	-0.0	0.075370692090519	-0.0	-0.0	0.0	0.22240931824759563	-0.0	0.0	0.0	0.0	0.016006599857175376	0.31848132431778253	-0.28282469933668347	-0.329704232418984	-0.0	-0.0
sn-Glycerol 3-phosphate (cor: 0.96)	-0.0	0.0	0.0	-0.0	0.0	0.0782084904310858	-0.0	-0.0	-0.17323517625028464	0.0	-0.0	0.0	0.5174696658090141	0.0	0.10557266279366208	-0.0	0.0	-0.13586430004053404	0.221188379283927	-0.0	0.0	-0.22980437911726673	-0.0	0.0	-0.0	0.05822332815984789	-0.0	-0.24174415805708066	-0.0	-0.0	-0.0	0.28812637331795654	-0.0	-0.0	-0.051627622428055714	0.0	0.0	-0.04578732973199196	0.0	0.0
D-Glucose (cor: 0.96)	-0.0	-0.18162850212613102	0.0	-0.0	0.0	0.0	0.1796282740732926	0.03056677743547908	-0.0	-0.0	-0.0	0.0	0.0	0.0	0.0	-0.0	-0.3507140751198315	0.0	0.5654133197328222	-0.0	0.0	-0.09940266197592555	-0.0	0.0	-0.0	-0.0	-0.0	0.0	0.0	-0.10834493280252148	0.0	-0.0	-0.0	-0.0	-0.0	-0.0	0.3946295472599467	-0.0	-0.0	0.3460705154584946
D-Fructose 1,6-bisphosphate (cor: 0.96)	0.0	-0.0	-0.0	-0.13981703703101506	-0.0	-0.0	-0.0	-0.0	-0.0	0.0	-0.0	0.0	0.0	-0.0	0.0	0.0	0.0	-0.0	0.0	0.0	-0.0	-0.7911668103335137	0.0	-0.0	0.0	0.015857597519886652	0.03816961100685338	-0.3357697126797328	0.0	-0.26537794218330263	-0.14634990926637972	-0.0	0.0	0.0	-0.0	0.0	-0.03484461783899487	-0.10901676276665359	0.0	-0.05413476004911447
alpha-N-Phenylacetyl-L-glutamine (cor: 0.96)	-0.0	-0.3358180622872332	0.0	0.0	0.0	0.04411538519128031	0.0	0.0	-0.0	-0.0	-0.0	0.0	0.0	0.11685264618164712	-0.0	-0.0	-0.0	0.0	0.0	-0.0	0.0	-0.0	-0.09234645509808206	-0.0	-0.0	-0.16923255835902237	-0.1615886885048449	0.005076462956102821	-0.0	-0.16241279252765653	0.0	-0.0	-0.0	-0.0	-0.0	-0.0	0.619556745280069	-0.3234778247786181	0.0	0.6733124082749588
ADP (cor: 0.96)	-0.0	0.0	-0.0	0.0	-0.0	-0.014817637766007393	-0.0	-0.0	-0.009664606718722959	-0.0	-0.0	0.0	0.0	-0.14056177390020871	0.0	0.0	0.0	0.02109270070206024	-0.2066867647809455	0.0	-0.0	-0.0	-0.0	-0.0	0.0	0.09428036625642953	0.0	0.0	0.0	-0.0	-0.0	-0.05861046692325823	0.0	0.0	-0.0	0.0	-0.19622962513438327	-0.26294351530311716	0.0	-0.0
Glycine (cor: 0.96)	-0.0	0.03777493135351029	0.0	0.2416114517016212	-0.0	-0.2584653832318865	-0.0	0.02134232272549198	0.0	-0.0	-0.0	-0.002340021742835677	-0.0	-0.0	0.0	0.0	0.0	0.037706097040512004	-0.0	-0.0	0.0	-0.0	-0.0	-0.1548051726355827	0.0	-0.02574380416248751	0.0	0.013988110998932867	-0.0	0.0	0.0	-0.19608128079607898	0.0	0.0	0.0	-0.0	0.0	-0.09782344072479746	0.0	-0.0
Hypoxanthine (cor: 0.95)	-0.0	0.244739143245475	-0.0	0.688989341035622	-0.0	-0.3331091667604108	0.0	-0.0	0.0	-0.0	0.051456033605719535	0.0	-0.0	-0.6148870583726996	0.0	1.2749019211859303	0.0	-0.0	-0.8155900498707296	0.0	-0.0	0.0	-0.0	0.0	0.0	-0.11340479164169276	-0.0	-0.06121261982270302	-0.0	0.17525603544630874	-0.036705984775585045	0.0	0.19305930932183968	0.0	-0.0	0.0	-0.0	-0.19716400169950363	0.0	-0.24579426934111648
CDP (cor: 0.95)	-0.0	-0.0	-0.0	-0.0	0.0	0.012325670124152694	-0.0	-0.0	-0.032458662414639544	-0.0	0.03237548182069476	0.07819317595432007	0.0	0.0	0.3024495547221581	-0.0	-0.0	0.0	-0.0	0.0	-0.0	0.0	-0.11676840286812282	0.0	-0.0	0.0	-0.1430033763065198	-0.0	-0.0	-0.0	-0.0	0.0	-0.0	-0.0	-0.0	0.0	-0.0	-0.0	0.0	-0.0
L-Valine (cor: 0.95)	-0.0	0.0	0.0	-0.0	-0.0	-0.0	0.0	0.0	-0.0	-0.0	-0.0	-0.13815486324851026	-0.0	0.0	0.02643389139349827	-0.0	-0.0	0.18140566387914445	-0.11980001121812155	-0.0	-0.0	0.0	-0.0	-0.0	-0.0	-0.14183710632615606	0.0	0.0	-0.0	0.0	0.27623321254925465	-0.09873866787883744	0.0	0.0	0.0	-0.0	-0.0	0.0	0.0	0.0
(Z)-But-1-ene-1,2,4-tricarboxylate (cor: 0.95)	0.0	-0.0	0.0	-0.0	-0.0	-0.0	0.19345309436201044	0.0	0.0	-0.0	-0.41037772084703916	-0.0	-0.0	-0.0	0.0	0.0	-0.0	-0.0	0.0740895928369989	-0.0	0.0	-0.25274059837283663	0.009695625350557697	0.0	0.0	-0.0	0.2241734397681808	-0.0	0.0	-0.02327956113795647	0.0	-0.2297894592783205	0.0	0.0	-0.0	-0.0	0.024095632357988728	0.017543873437294348	-0.0	0.0
Glycerol (cor: 0.95)	0.0	-0.14869243743587124	0.0	-0.07702166167922622	0.0	0.40922264400604036	0.0	-0.0	-0.0	0.0	-0.0	0.12211852929095184	0.0	0.0	0.0	-0.0	-0.0	-0.0	0.5283668298160265	-0.0	0.0	-0.0	0.062133790309199126	0.0	-0.0	0.0	0.0	-0.0	0.0	-0.06978389372055611	-0.0	-0.0	-0.0	-0.0	-0.0	-0.0	0.0	0.0915526047884715	-0.0	0.637285985113278
3-Methyl-2-oxobutanoic acid (cor: 0.95)	-0.0	-0.0	0.0	-0.0	0.0	-0.0	0.0	0.0	-0.13626654256772255	-0.0	-0.0	-0.0	0.0	0.0	-0.0	-0.0	-0.0	-0.0	0.0	-0.0	0.0	-0.1286132216316617	-0.019480824600750755	0.015836982274272566	-0.0	-0.09816124733636206	-0.0	0.0	0.0	0.0642644869697839	-0.0	0.0	-0.0	-0.0	-0.0	-0.0	0.11297791765556389	0.0	0.0	0.14731801541038364
5-Phosphoribosylamine (cor: 0.95)	-0.0	-0.09897788207361533	0.0	-0.0	0.0	0.0062179774405976395	0.22602810113388525	0.0	-0.14658398433039507	-0.0	-0.0	0.0	0.0	0.0	0.0	-0.0	-0.0	-0.0	0.7286024314643178	-0.0	0.0	-0.06611986760634676	-0.0	0.0	-0.0	-0.0	0.0	0.0	0.0	-0.0	0.0	-0.0	-0.0	-0.0	-0.0	-0.0	0.015713219272697247	0.0031967638907883437	0.0	0.0
1-Pyrroline-2-carboxylate (cor: 0.94)	-0.0	-0.10455312605747169	0.0	-0.05890473822745615	0.0	0.00203548121511089	0.29113907454752364	0.0	-0.14229888828112758	-0.0	-0.0	0.0	0.0	0.0	0.0	-0.0	-0.0	-0.0	0.6414418856948801	-0.0	0.0	-0.16952214479692804	-0.01750994725746171	0.0	-0.0	-0.0	0.0	0.0	0.0	0.0	0.0	0.0	-0.0	-0.0	-0.0	-0.0	0.0	0.10164098417650319	0.0	0.0
L-Leucine (cor: 0.94)	-0.0	0.010503968415882525	0.0	0.0	-0.0	-0.0	-0.11652886843871722	0.0	0.0	-0.0	0.0	-0.0	-0.0	-0.0	0.0	-0.0	0.0	0.0	-0.4762585245994008	-0.0	-0.0	0.043134923004422614	-0.0	0.0	-0.0	-0.0	-0.0	-0.0	-0.02597904359334957	0.1489415208038947	0.0	0.0	0.0	0.0	0.0	0.0	-0.0	-0.127331917867124	0.0	-0.0
GDP-mannose (cor: 0.94)	-0.0	-0.0	0.0	-0.0	0.0	0.2051711060806199	0.12779920465832054	-0.0	-0.07539673560815661	0.0	-0.0	0.0	0.0	0.20593339647271683	0.0	-0.0	-0.0	-0.0	0.12995639591423563	-0.0	0.0	-0.0	-0.05258913102369656	0.0	-0.0	-0.0	-0.0	-0.0	0.0	-0.0	-0.0	0.0	-0.0	-0.0	-0.0	-0.0	0.0	0.0034552411564184645	0.0	0.45883698803712386
N2-Acetyl-L-aminoadipate (cor: 0.94)	-0.0	-0.06522421621992247	0.0	-0.031994621116562365	0.0	0.0	0.3857466260330885	0.0	-0.10000712255111066	-0.0	-0.0	-0.0	0.0	0.0	0.0	-0.0	-0.0	-0.0	0.5908624681273024	-0.0	0.0	-0.20171672186803133	-0.013239033136036563	0.0	-0.0	-0.0	0.0	0.0	0.0	0.017760705176399872	0.0	-0.0	-0.0	-0.0	-0.0	-0.0	0.0	0.08000652143255713	0.0	0.0
Deoxyribose (cor: 0.94)	-0.0	-0.0	0.0	-0.0	0.0	0.1066029396434941	0.0	-0.0	-0.34028464837363637	-0.0	0.0	0.03172397148909993	0.0	0.4475412251111794	0.0	-0.0	-0.0	-0.0	0.2498169688913499	-0.0	0.0	-0.0	-0.017188184093322647	0.0	-0.0	-0.0278865186359515	-0.0	-0.0	-0.0	-0.0	-0.0	0.0	-0.0	-0.0	-0.0	-0.0	0.3934611370976446	-0.0	0.0	0.11174457755126133
2,5-Dioxopentanoate (cor: 0.94)	-0.0	-0.0	0.0	-0.0	0.0	-0.0	0.1735955511207719	0.0	-0.08265658067711334	-0.0	-0.0	0.0	0.0	0.0	0.0	-0.0	-0.0	0.0	0.0	-0.0	0.0	-0.17751369498194047	-0.0	0.0	-0.0	-0.04928654205465085	-0.0	0.0	0.0	0.04319237753392582	-0.0	-0.0	-0.0	-0.0	-0.0	-0.0	0.129800743887269	0.0	0.0	0.0
Methylglyoxal (cor: 0.94)	-0.0	-0.0	0.0	-0.0	0.0	0.0	0.22609788897901112	0.0	-0.0	-0.0	-0.0	-0.0	0.0	0.0	0.0	-0.0	-0.24409986299069406	-0.0	0.47553400910290283	-0.0	0.0	-0.09323465925435123	-0.0	0.0	-0.0	-0.0	-0.0	0.0	0.0	-0.0010287758142237334	0.0	-0.0	-0.0	-0.0	-0.0	-0.0	0.2147898455706308	0.0	-0.0	0.18003375395775054
2-Oxoglutarate (cor: 0.94)	0.09697269157992645	-0.0	-0.0	0.0	-0.0	-0.0	0.11962213719994115	0.0	-0.0	0.0	-0.026324214816979354	0.0	-0.0	-0.0	0.15957770322550915	0.0	-0.123452486752961	0.0	0.5931321288568427	-0.0	0.0	-0.0	0.0	-0.0	0.2845487777198204	-0.04945440808326049	0.0	0.0	0.0	-0.16157236944502196	0.0	-0.41553280488187744	-0.0	0.0	-0.0	-0.0	0.31869671130789534	0.0	-0.0	0.0
GMP (cor: 0.93)	-0.0	0.0	0.0	-0.0	0.0	0.26271768759709635	0.0	-0.0	-0.17043477353473427	-0.0	0.0	0.0	0.0	0.16011132495255392	0.0	-0.0	-0.0	0.0	-0.0	-0.0	-0.0	0.0	-0.02777856829727377	0.06399463154208537	-0.059156229003788655	-0.0	-0.0	-0.0	-0.0	0.052334118635438104	-0.0	0.0	-0.0	-0.0	-0.0	-0.0	0.0	0.0	0.0	0.0
Orthophosphate (cor: 0.93)	0.0	-0.0	0.0	-0.0	0.0	-0.0	0.3798802445240571	0.2845140610318009	-0.0	-0.0	-0.0	-0.0	0.0	0.0	0.0	0.0	-0.0	0.0	0.5182867888482104	-0.0	0.0	-0.25208214103664206	-0.0	0.0	0.0	-0.0	0.0	0.0	0.0	-0.1797559234807206	0.0	-0.0	-0.0	0.0	-0.0	-0.0	0.09957596207938003	0.0	-0.0	0.0
2-Oxobutanoate (cor: 0.93)	-0.0	-0.0	0.0	-0.0	0.0	-0.0	0.17658937390794158	0.0	-0.092643968126845	-0.0	-0.0	0.0	0.0	0.0	0.0	-0.0	-0.1449568751243021	-0.03098930093832382	0.4007695948790769	-0.0	0.0	-0.02753152214856151	-0.0	0.0	-0.0	-0.0	-0.0	0.0	0.0	-0.0	-0.0	-0.0	-0.0	-0.0	-0.0	-0.0	0.1961481461332132	0.0	0.0	0.016678524937708546
L-Phenylalanine (cor: 0.93)	-0.0	0.09207762940519348	0.0	0.0	-0.0	-0.0	-0.12993784833147012	0.0	0.03898075441550665	-0.0	0.0	-0.0	-0.0	-0.0	0.0	0.0	0.0	-0.0	-0.2452917179414138	-0.0	0.0	0.0	-0.0	0.0	0.0	-0.09989898214868013	0.0	-0.0	-0.1498828424469125	0.12689950319337434	0.0	0.0	0.0	0.0	0.0	0.0	0.0	-0.0	0.0	-0.0
L-Arginine (cor: 0.93)	0.0	0.0	-0.0	0.6024119511875483	-0.0	-0.08727329799516689	0.0	0.13764462184598728	0.0	-0.0	0.16481842483656953	-0.0	-0.0	-0.0	0.445758516905195	0.0	-0.0	0.0	-0.23658103122319207	0.0	-0.0	0.33327237145886845	-0.0	0.0	0.0	-0.3779001380827393	-0.0	-0.0	0.0	-0.07021001294223007	0.0	-0.07134111596728895	0.0	0.0	0.0	0.0	0.0	-0.21708272475209875	-0.0	-0.0
1-(5'-Phosphoribosyl)-5-formamido-4-imidazolecarboxamide (cor: 0.93)	-0.0	0.06737440924880263	0.0	0.8518310678115587	-0.0	-0.30322511701021293	-0.0	-0.0	0.0	-0.0	0.0	0.0	0.0	-0.0	-0.0	0.0	0.3961041059418997	-0.02996282118764941	-0.026155609463487318	0.0	-0.0	-0.0	-0.0944637723851918	0.0	0.0	-0.0	-0.0	0.0	-0.0	0.05919616598515339	-0.33075215645148776	-0.0	0.0	0.0	-0.0	0.0	0.0	-0.3922690122441966	0.0	-0.0
Acetate (cor: 0.92)	0.0	-0.0	0.0	-0.05419541747113645	0.0	-0.0	0.3464781259928617	0.10945026639151614	-0.0	-0.0	-0.0	-0.0	0.0	0.0	-0.0	-0.0	-0.0	0.0	0.03622188941583585	-0.0	0.15692985405789486	-0.2920964895770582	-0.0	-0.0	-0.0	0.0	0.0	0.0	0.0	-0.0	0.0	-0.0	-0.0	-0.0	-0.0	-0.0	0.0	0.09546155692845003	-0.0	0.0
2-Dehydro-3-deoxy-L-arabinonate (cor: 0.92)	0.0	-0.0	0.0	-0.0	-0.0	-0.0	0.26468873357293304	0.013542613495848487	0.0	-0.0	-0.13135297277591634	0.0	-0.0	-0.0	0.0	0.0	-0.0	0.0	0.059009088145722505	-0.0	0.0	-0.32965621274637813	0.0	-0.0	0.0	-0.0	0.0	0.0	0.0	0.0	0.0	-0.0	-0.0	0.0	-0.0	-0.0	0.0	-0.0	-0.0	0.0
UDP-N-acetyl-D-glucosamine (cor: 0.92)	0.0	0.0	-0.0	0.38130987018625784	-0.0	-0.0	0.0	-0.0	0.0	0.0	0.0	-0.0	-0.0	-0.09602476324012216	0.24934081742936498	0.0	0.0	-0.0	-0.8950241786813116	0.0	-0.048900170892837505	0.0	0.0	-0.0	0.0	-0.1195005182953729	-0.0	-0.0	0.0	-0.0	-0.0	-0.0	0.0	0.0	0.08381430315332626	0.0	-0.005133569772496414	-0.18517206141282133	-0.0	-0.13315457467615174
2-Oxoadipate (cor: 0.92)	-0.0	-0.0	0.0	-0.0	0.0	0.0	0.0	0.0	-0.31823342385134806	-0.0	0.0	-0.0	0.0	0.0	0.0	-0.0	-0.0	-0.0	0.0	-0.0	0.0	-0.0	-0.0	0.2218183621607528	-0.07042507150665359	-0.17532373666742	-0.00275416771350288	0.0	-0.0	0.14362182971099752	-0.0	0.0	-0.0	-0.0	-0.0	-0.0	0.10495312359553179	-0.0	0.0	0.014705455214011587
3-Phospho-D-glycerate (cor: 0.92)	0.0	-0.1798463537191311	0.0	-0.0	0.0	0.0	0.346627274665098	0.0	-0.09016250483102263	-0.0	-0.11617378455395085	0.0	0.0	0.0	0.0	-0.0	-0.0	0.006691936422607452	0.1943681805912408	-0.0	0.0	-0.1574797989684076	-0.0	-0.0	0.0	-0.0	-0.0	0.0	0.0	-0.1032402496962244	0.0	-0.01033536301439306	-0.0	-0.0	-0.0	-0.0	0.23476768835988218	-0.0	-0.0	0.0
ATP (cor: 0.92)	0.0	0.0	-0.0	0.0	-0.0	-0.12133770557270826	-0.0	-0.0	0.0	0.0	0.0	0.0	-0.0	-0.0	0.0	0.0	0.0	-0.0	-0.24133907633967078	0.0	-0.0	0.0	0.0	-0.0	0.375051848004095	0.0	0.0	-0.03320262134298299	0.0	-0.008276509954442044	-0.01762061163048554	-0.0	0.0	0.0	0.0	0.0	-0.4060091939142328	-0.24028393052783142	-0.0	-0.2266648554860418
Glycerone phosphate (cor: 0.92)	0.0	-0.0	0.0	-0.0	0.0	0.0	0.14749474350611852	0.0	-0.0	0.0	-0.0	0.0	0.0	0.0	0.0	-0.0	-0.0	0.0	0.44509715559558466	-0.0	0.0	-0.0801320766134729	0.0	0.0	0.0	-0.027167239621441828	-0.0	0.0	0.0	-0.1669543152944843	0.0	-0.0618775628771605	-0.0	-0.0	-0.0	-0.0	0.1636055751312498	-0.0	-0.0	0.19830602364955602
(R)-3,3-Dimethylmalate (cor: 0.92)	-0.0	-0.0	0.0	-0.0	0.0	-0.0	0.13507124519652283	0.0	-0.20374476450658777	-0.0	-0.0	-0.0	0.0	0.0	0.0	-0.0	-0.0	-0.0	0.010874414041912134	-0.0	0.0	-0.11962106780404728	-0.0	0.0	-0.0	-0.10691723009862451	-0.0	0.0	0.0	0.01755288944692492	0.0	-0.0	-0.0	-0.0	-0.0	-0.0	0.2937995795341178	0.0	0.0	0.0
Glutarate (cor: 0.92)	-0.0	-0.0	0.0	-0.0	0.0	0.0	0.15495080576491874	0.0	-0.15906130530053345	-0.0	-0.0	-0.0	0.0	0.0	-0.0	-0.0	-0.0	-0.0	0.0	-0.0	0.0	-0.13290779901616256	-0.0	0.0010118236177257003	-0.0	-0.025047961175670923	-0.0	0.0	0.0	0.03019714252166412	-0.0	0.0	-0.0	-0.0	-0.02605299154393579	-0.0	0.25039414164478474	0.0	0.0	0.0
O-Phospho-L-homoserine (cor: 0.91)	-0.0	-0.0033900213302946853	0.0	-0.08523671807366731	0.0	0.024631266237901017	0.21048751443938615	0.0	-0.07382647262723424	-0.0	-0.0	0.0	0.0	0.0	0.0	-0.0	-0.0	-0.0	0.4220834368354157	-0.0	0.0	-0.0	-0.08303475794109123	0.0	-0.0	-0.0	-0.0	-0.0	0.0	0.0	0.0	0.0	-0.0	-0.0	-0.0	-0.0	0.0	0.0	0.0	0.0
4alpha-Methylzymosterol-4-carboxylate (cor: 0.91)	-0.0	-0.0	0.0	0.0	0.0	0.32545735492978584	0.0	0.0	-0.04265471154639229	0.0	-0.0	-0.0	-0.0	0.0	0.0	-0.544496353588618	-0.0	-0.0	0.1447439340849454	-0.8545400781720062	0.0	-0.0	-0.0	-0.0	0.0	-0.2098270354614882	-0.0	0.16667727380923186	-0.0	0.015184917424164371	0.0	0.0	-0.0	-0.0	-0.0	-0.0	0.7735287105698074	0.0	0.0	0.0
Propanoate (cor: 0.91)	-0.0	-0.0	0.0	-0.0	0.0	0.013458418740297504	0.05985379929690498	-0.0	-0.01361152953192995	-0.0	-0.0	0.0	0.02069597863036137	0.0	0.0	-0.0	-0.0	-0.0	0.1952045064278192	-0.0	0.0	-0.13125682980125242	-0.11172422217419417	0.005575196790452947	-0.0	-0.0	-0.0	-0.0	0.0	-0.0	-0.0	0.0	-0.0	-0.0	-0.0	-0.0	0.0	0.0	0.0	0.2675943936997459
Linoleate (cor: 0.91)	-0.0	0.0	0.0	0.11248318470296	0.0	0.1650929563286251	-0.0	0.24275989895518824	0.0	0.0	-0.0	-0.4479408736713519	-0.0	0.0	0.17035064288418467	-0.2782742857794923	-0.0	0.0	0.0	-0.0	0.2840063143334265	-0.0	-0.0	0.0	0.0	-0.31862795427130997	-0.0	0.0	-0.0	0.08451033587521294	0.0	0.0	-0.0	-0.0	0.0	-0.0	0.0	-0.0	0.0	0.5953457875978337
3-Hydroxyanthranilate (cor: 0.91)	-0.0	-0.0	0.0	-0.004300527099021076	0.0	0.043900817647249846	0.22015285781277208	0.0	-0.1216174197969932	-0.0	-0.0	0.0	0.0	0.0	-0.0	-0.0	-0.0	-0.0202574382718078	0.04362332024634123	-0.0	0.0	-0.12851620816516338	-0.11293599379636156	0.0	-0.0	-0.0	-0.0	0.0	0.0	0.07422069972474718	0.0	0.0	-0.0	-0.0	-0.10123027951642191	-0.0	0.13741338915750256	0.03746354470222349	0.0	0.0
Uridine (cor: 0.91)	-0.0	-0.0	-0.0	0.0	-0.0	-0.0	0.0	0.3160064024149799	0.0	-0.16739684973017455	0.03993169279503574	0.0	-0.0	-0.0	0.5512148455476498	0.11906637651443529	-0.0	0.2902111353970765	-0.24180608865853404	0.0	-0.0	0.08284890882453473	-0.0	0.0	0.0	-0.37268680172815943	-0.0	0.0	0.0	0.0	0.0	-0.0	0.0	0.0	-0.0	-0.0	0.0	-0.008767166322508369	0.0	-0.0
UDP (cor: 0.90)	-0.0	0.0	-0.0	0.3067745773559006	-0.0	0.0	-0.0	-0.0	0.0	0.0	0.0	0.0	0.0	-0.0	0.2335967521833067	0.0	0.0	0.0	-0.32348058716518635	0.0	-0.0	0.0	-0.07882237952418501	0.07771416791675255	0.0	-0.0	-0.3925809592452695	-0.04700820273012542	-0.0	0.0	-0.2196274476073233	0.0	0.0	0.0	-0.0	0.0	-0.0	-0.1339383779282376	-0.0	-0.0
NADH (cor: 0.90)	-0.07247041648346472	0.0	0.0	-0.0	-0.0	0.0	-0.0	-0.0	-0.0	-0.0704407713203423	-0.0	-0.0	0.0	-0.0	0.10340412357508001	0.0	0.3310134691924228	0.0	-0.0	-0.0	0.0	-0.38582464525271637	-0.0	-0.0	-0.0	0.0	0.0	-0.0	-0.0	0.07142336048679596	-0.0	-0.0	0.0	0.0	-0.0	0.0	-0.40861756344733574	0.0	0.20135721155995137	-0.0
D-Fructose 6-phosphate (cor: 0.90)	0.0	-0.0	0.0	-0.0	0.0	0.0	0.0	-0.0	-0.0	0.0	-0.0	0.0	0.0	0.0	0.045316553831790694	-0.0	-0.0	-0.0	0.1246112575645364	-0.0	0.0	-0.2604185832870754	-0.0	0.0	0.0	-0.05373657404012903	-0.0	-0.058473243916076695	0.0	-0.2477744678356276	-0.0	-0.0	-0.0	-0.0	-0.0	-0.0	0.08964985558301432	0.0	-0.0	0.0
Indolepyruvate (cor: 0.90)	-0.27001642307317236	-0.0	0.0	-0.0	0.0	0.0	0.0	0.0	-0.20653411609825795	-0.017694131557200336	-0.0	-0.0	0.0	0.0	0.0	-0.0	-0.0	-0.0	0.0	-0.0	0.0	-0.0	-0.05367643968662593	0.0	-0.06057582827969993	-0.003494095359234648	-0.0	0.00038826783121144513	-0.0	0.1456555834588549	0.0	-0.0	-0.0	-0.0	-0.0	-0.0	0.19618777873137253	0.07386226699688864	0.0	0.2483109374598832
O-Phospho-L-serine (cor: 0.90)	0.0	0.0	0.0	0.0	-0.0	0.0	0.12700003758356732	0.0	0.0	0.0	-0.0	0.0	0.0	0.0394240505035048	0.1614717015241852	-0.0	-0.0	0.14433212113973684	-0.011330427078104345	0.0	-0.0	0.0	-0.0	0.0	0.0	-0.3041232956497256	-0.0	0.0	-0.0	-0.23090281776029048	0.0	-0.0	-0.0	0.0	0.0	0.0	0.0	0.0	-0.0	0.07778457121130575
L-Tryptophan (cor: 0.90)	-0.0005450112089333623	0.0	0.0	0.0	0.0	-0.0	-0.0567615283244713	0.0	0.0	-0.06784802973726944	-0.0	-0.0	-0.0	0.0	0.0	-0.0	0.0	0.06969534392904153	-0.28233066309220833	-0.0	0.0	0.0	-0.02060065581643094	-0.0	-0.0	-0.0	0.0	0.0	-0.07347546547320832	0.2614381940252861	0.0	0.0	-0.0	-0.0	0.0	-0.0	0.0	-0.0	0.0	0.0
Glycerone (cor: 0.90)	-0.0	-0.0	0.0	-0.0	0.0	0.1521384765956538	0.0	0.0	-0.0	-0.0	-0.0	-0.0	0.0	0.0	0.0	-0.0	-0.0	0.0	0.22465776324199085	-0.0	0.22767834530121117	-0.0	-0.0	0.030143678972115243	-0.4124157254323818	-0.0	-0.0	0.0	-0.0	0.05356090285466459	0.0	0.0	-0.0	-0.0	-0.0	-0.0	0.1941232338970575	0.008547302482100184	0.0	0.23613419222989693
UTP (cor: 0.90)	0.0	0.0	-0.0	0.0	-0.0	0.0	0.0	-0.0	0.0	0.0	0.1204906539587823	0.1273144108025476	0.0	0.0	0.200015344898614	0.0	-0.0	0.0	-0.0	0.0	-0.0	0.08185409640029997	-0.0038146001615705838	0.0	0.0	0.0	-0.6421931809194479	-0.06576025140610237	0.0	0.0	-0.0	0.0	-0.0	0.0	0.0	0.0	-0.0	-0.005541503825880664	-0.0	-0.0
Raffinose (cor: 0.89)	0.0	-0.0	0.0	-0.0	0.0	0.13070223678612294	0.21641079503603264	0.0	-0.0	-0.0	-0.0	0.0	-0.0	0.0	0.0	-0.0	-0.0	0.0	0.007787860226845763	-0.0	0.09446888667502404	-0.06507189891109832	0.0	0.0	-0.0	0.0	-0.0	0.04007348952143392	0.0	-0.04068919724232272	0.0	-0.0	-0.0	-0.0	-0.0	-0.0	0.2264169584912891	0.0	0.0	0.22694915723572354
Toluate (cor: 0.89)	-0.0	0.0	0.0	0.002640678362772407	-0.0	-0.0	0.0	0.552021203098886	0.03335188252636143	-0.0	-0.0	-0.0	0.0	0.0	0.0	0.0	-0.0	0.0	-0.0	0.0	0.0	0.0	-0.05307530175570086	0.0	0.0	-0.0	-0.0	0.0	0.0	-0.0	0.0	-0.0	0.0	0.0	0.23147315713242014	0.0	0.09970065546533918	-0.07336504724063089	-0.0	0.0
L-Glutamate (cor: 0.89)	0.0	0.0	0.0	0.17215849251352353	-0.0	-0.0	0.0	0.0	0.0	0.0	-0.0	-0.0	-0.0	0.0	0.11151129734089812	0.0	-0.0	0.14010048017511437	-0.14219496430246995	0.0	0.0	0.0	0.0	-0.0	0.0	-0.21287006710862139	-0.0	0.0	-0.0	-0.12420715846308039	0.0	-0.18870419255638135	-0.0	0.0	0.02886795112009893	0.0	0.0	-0.0	-0.0	0.0
Diphosphate (cor: 0.88)	-0.0	-0.0	0.0	-0.03767359852214214	0.0	0.0	0.19907689156006855	0.0	-0.0	-0.0	-0.0	0.0	0.0	0.0	0.0	-0.0	-0.0	-0.0	0.3066607504837236	-0.0	0.0	-0.14813062040556513	-0.0	0.0	-0.0	0.0	0.0	0.0	0.0	-0.07027755572111394	0.0	-0.0	-0.0	-0.0	-0.0	-0.0	0.02189539844676117	0.0	-0.0	0.0
2-Isopropylmaleate (cor: 0.88)	0.0	-0.0	0.0	-0.0	0.0	0.0	0.1107264721873199	-0.0	-0.0	0.0	-0.0	0.0	0.0	0.0	0.0	-0.0	-0.0	-0.0	0.16235209669507158	-0.0	0.0	-0.0	-0.0	0.02073780196302001	0.0	-0.0	-0.0	-0.0	0.0	-0.0	-0.0	0.0	-0.0	-0.0	-0.0	-0.0	0.11693185257802385	0.0	-0.0	0.0
Tetracosanoic acid (cor: 0.88)	-0.0	-0.0	0.0	-0.0	0.0	0.0	0.0	0.0	-0.019366551815888946	-0.0	-0.0	-0.0	0.0	0.0	-0.0	-0.0	-0.0	0.0	0.10809644600846502	-0.0	0.0	-0.06802679579839513	-0.014741145595119626	-0.0	-0.0	0.0	0.0	0.12898451614816334	0.0	-0.0	0.0	-0.0	-0.0	-0.0	-0.0	0.0	0.0	-0.001627116318337206	0.0	0.0
4-Aminobutanoate (cor: 0.88)	0.0	0.0	0.0	0.14160857963148496	-0.0	-0.0	0.0	0.0	0.0	0.0	-0.0	-0.0	-0.0	0.0	0.18434874258327455	0.0	-0.0	0.09522881608985595	-0.0	0.0	-0.0	0.0	0.0	-0.0	0.0	-0.20219887327533972	-0.0	0.0	-0.0	-0.05922773704336266	0.0	-0.17703034795109737	-0.0	0.0	0.11637779826460523	0.0	0.0	-0.0	-0.0	0.0
L-2-Aminoadipate (cor: 0.87)	0.0	-0.016846030066169526	0.0	-0.0	0.0	0.0	0.023537212595909397	0.0	-0.0	0.0	-0.0	0.006296150302895186	0.0	0.0	0.0	0.0	-0.0	-0.0	0.08904167037819924	-0.0	0.0	-0.4488024910300798	-0.0	0.0	0.0	-0.0	0.0	-0.0	0.0	-0.0	-0.0	-0.0	-0.0	0.0	-0.0	-0.0	0.0	0.055723503198479775	-0.0	0.0
L-Alanine (cor: 0.87)	-0.0	-0.0	0.0	-0.0	-0.0	0.0	0.24519330256076285	0.0	-0.0	-0.0	0.0	-0.0	0.0	0.0	0.026920023800783153	-0.0	-0.0004378522808180778	-0.0	0.0	-0.0	0.0	-0.0	-0.004667653641123689	0.03068350465045204	-0.0	-0.006462554910563149	0.0	-0.0	0.0	0.0	0.0	0.0	-0.0	-0.0	-0.0	-0.0	0.06487422182972985	0.15328188764148026	-0.0	0.0
AMP (cor: 0.85)	-0.0	-0.0	0.0	-0.0	0.0	0.008764015278536822	0.0	0.0	-0.10476860961154967	-0.0	-0.0	0.05157666018060037	0.0	0.0	0.0	0.0	-0.0	0.14437017340489616	-0.0	-0.0	0.0	-0.0	-0.0	0.0	-0.0	-0.0	-0.0	0.010104810664138032	-0.0	0.023587558299271325	-0.0	-0.0	-0.0	-0.0	-0.0	-0.0	0.0	-0.0	0.0	0.0
8-Amino-7-oxononanoate (cor: 0.84)	-0.1573303067771363	0.0	0.0	0.11995937325039126	0.0	0.09376821928130218	-0.0	0.0	0.0	-0.0	0.0	-0.33189284318291495	0.0	0.0	0.0	-0.0	0.0	0.0	-0.21225092210948446	-0.0	0.0	0.0	-0.22592038985924398	0.0	-0.0	-0.0	-0.024986931147952394	0.0	-0.0	0.17140220082840876	0.0	0.0	0.0	-0.0	0.0	0.0	-0.0	-0.07279242350944085	0.0	0.0
Succinate (cor: 0.82)	-0.0	-0.0	0.0	-0.0	0.0	0.09472261974310595	0.0	-0.0	-0.031748855473205356	0.0	-0.0	0.0	0.048674062371897864	0.0	0.0	-0.0	-0.0	0.0	0.0	-0.0	0.0	-0.20023285589932643	-0.16623128984037402	0.0	-0.0	0.0	-0.0	-0.0	0.0	0.0	-0.0	0.0	0.0	-0.0	-0.0	0.0	0.0	0.0	-0.0	0.0
Indole-3-acetaldehyde (cor: 0.82)	-0.0	-0.0	0.0	-0.0	0.0	0.0	0.06289787297665865	0.0	-0.0	-0.0	-0.0	0.0	0.0	0.0	-0.0	-0.0	-0.0	-0.0	0.0	-0.0	0.0	-0.07921036114925266	-0.12183787257023385	0.030653774301203043	-0.0	-0.0	-0.0	0.0	-0.0	0.058559940110471484	-0.0	0.0	-0.0	-0.0	-0.017079365722231177	-0.0	0.0	0.00884978957959938	0.0	0.04839721282154155
L-Threonine (cor: 0.81)	-0.0	0.0	0.0	0.0	-0.0	-0.0	-0.0	0.0	0.004309908460890744	-0.0	-0.0	-0.0	-0.0	0.0	0.01786210086520916	0.0	0.0	0.034522448335168786	-0.0	-0.0	0.0	-0.0	0.0	-0.0	0.3636665118685751	-0.16388545543598793	0.0	-0.0	-0.0	-0.040548584567748104	0.0	-0.0	0.0	0.0	0.0	0.0	0.0	0.0	-0.0	0.0
(9Z)-Octadecenoic acid (cor: 0.80)	-0.0	0.0	0.0	0.0	0.0	0.0	0.0	0.0	-0.0	-0.0	-0.0	-0.06610094567859474	-0.0	0.0	0.0	-0.08373416716362031	-0.0	0.0	0.0	-0.0	0.08803806956280436	-0.0	-0.0	0.0	-0.0	-0.19438851204023863	-0.0	0.028367936025657275	-0.0	0.11782836431226255	0.0	0.0	-0.0	-0.0	0.0	-0.0	0.0	-0.0	0.0	0.390087403837154
3-Propylmalate (cor: 0.78)	0.0	-0.0	0.0	-0.0	0.0	0.0	0.0	-0.0	-0.0	0.0	-0.0	0.07836883220162608	0.0	0.0	0.0	0.0	-0.0	0.0	0.0	-0.0	0.0	-0.28054625403107575	-0.008483948110142036	0.0	0.0	0.0	0.0	-0.0	0.0	-0.0	-0.0	-0.0	-0.0	0.0	-0.0	-0.0	0.0	0.0	-0.0	0.0
Tetradecanoic acid (cor: 0.76)	-0.0	-0.0	0.0	0.0	0.0	0.0	0.0	0.053102385488754025	-0.0	0.0	-0.0	-0.0	-0.0	0.0	0.0	-0.0	-0.0	0.0	0.04954113298216169	-0.0	0.0	-0.0	-0.0	-0.0	0.0	-0.15802680751132694	-0.0	0.2031163929824584	0.0	0.0	0.0	0.0	-0.0	-0.0	0.0	-0.0	0.23955939549818547	-0.0	-0.0	0.0
Adenine (cor: 0.76)	-0.0	-0.0	0.0	0.0	0.0	0.0	-0.0	-0.0	-0.021811121493161105	-0.0	0.0	0.004232928416497697	0.0	0.0	0.0021065640242071497	-0.0	-0.0	-0.0	-0.0	0.0	-0.0	-0.0	-0.020260436256208676	0.0	0.0	0.0	-0.0	-0.0	-0.0	-0.08623634822484981	-0.0	0.0	-0.0	-0.0	-0.0	0.0	0.0	-0.04155720299043596	0.0	0.0
Decanoic acid (cor: 0.67)	-0.0	0.1970800022333418	0.0	0.0	0.0	-0.0	-0.0	-0.0	-0.0	-0.0	-0.03010239466924553	-0.0	-0.0	-0.0	0.0	0.0	0.0	0.0	-0.0	0.0	0.0	-0.0	0.0	-0.029195648692063026	0.0	0.0	0.0	0.0	-0.0	-0.0	-0.0	-0.0	0.0	0.0	0.0	0.0	-0.0	-0.0771391242727491	0.0	-0.0
CTP (cor: 0.64)	0.0	-0.0	0.0	0.0	0.0	0.0	0.08099861071690656	0.0	-0.0	0.0	0.0	0.030782339528337758	0.0	0.0	0.0	0.0	-0.0	0.0	0.0	0.0	-0.0	-0.0	0.0	0.0	0.0	-0.07181630990708686	-0.0	0.0	0.0	-0.016825901278414664	-0.0	-0.0	-0.0	-0.0	-0.0	0.0	0.0	-0.0	-0.0	0.0
Octanoic acid (cor: 0.61)	0.0	0.027055947412176515	0.0	0.0	0.0	-0.0	-0.0	-0.0	-0.0	0.0	-0.0	0.0	0.0	0.0	0.0	0.0	0.0	-0.0	0.0	0.0	0.0	-0.022548566890548394	0.0	0.0	0.0	0.0	0.0	-0.055316156420021675	-0.0	-0.048303818871874134	-0.0	0.0	0.0	0.0	-0.0	0.0	0.0	-0.01348883175859463	0.0	0.0
D-Ribose 5-phosphate (cor: 0.59)	-0.022338236785878946	0.0	0.0	0.0	0.0	0.0	-0.0	-0.0	-0.0	-0.0	-0.0	0.011854168002075453	0.0	-0.0	-0.0	0.0	0.05222679648829584	-0.0	-0.0	-0.0	0.0	-0.0	-0.0	0.0	0.0	-0.0	-0.0	-0.0	-0.0	0.0	-0.0	0.0	0.0	-0.0	-0.0	0.0	0.0	-0.07902156018544146	0.0	0.0
