	N_downshift_5min	N_downshift_9min	N_downshift_15min	N_downshift_25min	N_downshift_44min	N_downshift_79min	N_upshift_5min	N_upshift_9min	N_upshift_15min	N_upshift_25min	N_upshift_44min	N_upshift_79min	Rapamycin_5min	Rapamycin_9min	Rapamycin_15min	Rapamycin_25min	Rapamycin_44min	Rapamycin_79min
101.02	-0.47927979222006156	-0.18970359611195012	-0.034609023358009125	-0.2330050732446623	-0.3772414413624343	-0.7249838708139259	-0.051645818607899116	-0.43581195371642645	-0.45913293352185947	-0.4354748051298124	-0.7476158417163062	-0.8718161451414608	-0.004929845820548333	0.10132176453694883	-0.21699873067330447	-0.22625990077639258	-0.5512271311162164	-0.4952363497898131
102.06	-0.041085765471090364	0.24503872501633586	-0.08329505262419969	-0.1329275333922778	0.020291965475300516	-0.314656257992234	-0.028338416434022826	-0.005091490990708962	-0.17460525273765107	-0.15836257704237608	-0.00948747236359366	0.31301533770577455	-0.18092315060189185	0.3130660986850432	-0.3439232316479569	0.16124005111384854	0.4825520230743612	0.4523759696629116
104.04	0.17369140489976412	-0.4224585705078555	-1.2616970156108172	-1.150375857210932	-1.1602056587868381	0.04769492408451073	0.2899488871788463	0.46249857717575726	0.5932798346349281	0.9072191066524232	0.7431756375402953	0.5758455451486635	-0.37230096539708635	-0.4611436152632364	-1.373225572111608	-1.1019649355505192	-0.9017045700432995	-1.6092758236483846
105.02	-0.3011879337041175	-0.10256059393640234	-0.3180180744230433	-0.22232102164067757	-0.5369546884170037	0.09386511403376892	0.06615640807970152	-0.6787390395216469	-0.4441696592264001	-0.6282598952075321	-0.859046742603492	-0.93464954640167	-0.16729483267498554	0.31666464337285816	-0.40537350348364004	-0.4204224028844799	-0.3854439911867866	-0.6344911587960185
112.04	-0.5732803623282058	-0.17524524900627989	-0.24653048227266078	-0.6204973173596168	-0.7017739789651739	-1.0924612928661228	-0.1696684563670897	-0.19792584097047217	-0.2565669416545075	-0.6116788899274451	-0.8221255312499891	-1.2929861658281288	-0.06846833354945069	-0.15453394885119684	-0.11487000686978598	-0.5905620185701661	-0.9171044433090731	-0.9975450679119612
114.06	-0.3910152019784029	0.18486548634039102	0.8727757248656818	1.3198610599968792	2.1143786891141376	2.042951988053221	-0.817936146283123	-0.9823157079141672	-1.3617539558984801	-1.6569213609879692	-1.9865380048273469	-1.9864169828581428	-0.17104680266634056	0.11007042335137654	-0.2866398043077865	-0.025648473766554908	0.16546368642695095	0.08543131705964432
115.0	-0.12309833343763284	0.05898868967052534	0.29564040704688893	0.771951857620057	1.5178482268658309	1.366845346603472	-0.2570382825683059	-0.2093645224491169	-0.405535285434447	-0.4178114534280339	-0.6211918269308703	-0.6643840010564035	-0.23027210427852365	0.004568982108848356	-0.36207724688719417	-0.1904985929196937	-0.14657496234269918	-0.17276151886037244
115.04	-0.4402194997771597	-0.32963829002584744	-0.42593407032880215	-0.3921128693425196	-0.3560390273287962	-0.3589200504887653	0.12438885029047923	-0.45329499514123056	-0.33171548776915816	-0.3929996873910382	-0.5325886183737656	-0.5203163424209106	-0.032816135135281886	0.02227393267422219	-0.1961030432070689	-0.30389829720077993	-0.34444092589190234	-0.5043531202269592
116.03	-0.3482690430833694	-0.4169474161806306	-0.4028172874956952	-0.2068098901962929	-0.048870052721427325	-0.10573981890056677	-0.15324112116258135	-0.3924277052309497	-0.4556381581821216	-0.42008557667183327	-0.40803110889463967	-0.5525457262868262	-0.028218951463902818	-0.06036564214800108	-0.1241598320020063	-0.2640294538758587	-0.1048222184572945	-0.5422074102171633
116.07	-0.05454574884326283	-0.08140675841837779	-0.34869109576694396	-0.3672769406828884	-0.21599405635896002	-0.19893733404495653	0.16498681736561963	0.2378954795949234	0.30027461292365243	0.2625980939256012	0.13843822667380892	0.10387192207183385	-0.09645094897479714	0.25536088205596846	-0.17422522890971612	0.24927984532002617	0.5713924036769348	0.4807055775364751
117.02	-0.1557977448427012	-0.27532641896329396	-0.37739262371065974	-0.2210838412951019	-0.006782921055696617	-0.40420460869082225	0.08191882503683878	-0.008367810512230655	-0.13227319636174967	-0.2629547574488066	-0.37980137725557983	-0.41287681872048454	0.10405025762122998	-0.10695743805058242	-0.4279558306937472	-0.34928768790067105	-0.25902795340558105	-0.67023022650241
118.05	0.1048905597951255	0.1808968413750024	-0.2461587112968523	-0.2622508140039768	-0.20177872353907603	-0.3972221953356134	-0.49579449605571085	-0.512905684887472	-0.47440183232899746	-0.20856366835462156	-0.16434029149500387	-0.1039474748538459	-0.16306580788002378	0.10931334605533083	-0.41568014941102494	0.011590438384768812	0.23359581965801704	-0.09142013742846018
119.05	-0.24399158234716267	-0.35139767259725974	-0.529419570567484	-0.43877277709520346	-0.23908008613023196	-0.4029211711164254	-0.09676940781088023	-0.3096991603621704	-0.45814838410468317	-0.3602920546714939	-0.6797245211619574	-0.6675443349058713	0.021642581475901475	0.1687834346284271	-0.1361357295935749	-0.0195178505890039	-0.011263543411008619	-0.2876579614730551
122.02	-0.25429759828095305	-0.21294292302421472	-0.3238851014281474	-0.4982163088035402	-0.41192359167197995	-0.6320350157133465	-0.19142568237142912	-0.3540283855082967	-0.4648026218695091	-0.7039004661467707	-0.9147257024624845	-0.9406288526194668	-0.0646308591181752	-0.0010969551529541003	-0.10309270228602936	-0.4592754102765556	-0.571775564738003	-0.775991187180184
127.05	-0.3699807600585204	-0.4511817907609915	-1.4094096095589832	-2.1972135783767897	-3.1069864635952196	-3.983530371670903	3.138847540915524	3.2664948541424357	3.4943022088169133	3.925151334573132	4.041662267986253	3.940357088863105	-0.30480189843935396	0.18791711223963178	-0.17418684968182996	0.30872851458525374	0.3686767860943862	0.11462692686126146
128.04	-0.14157610277417315	-0.25539948075578434	-0.7494888009714804	-1.0438767538535583	-1.226698469007211	-0.9195325324020979	1.357096350547196	1.4244227966545542	1.3668478753831645	2.0243106678870695	2.174275250572563	2.291008344298759	-0.3681004640089539	0.09832918596172978	-0.7073474701825769	0.11540476786930702	0.3262470249758726	0.028807285115714506
129.02	-0.32078076029710106	-0.1527672952497537	-0.3001035510708893	-0.36128859824071197	-0.41647988395785074	-0.44818130802766276	0.08546143604401799	-0.25129690422225726	-0.19165057310507444	-0.35374062155015734	-0.4686895366039586	-0.44877343686138527	0.04930683622378162	0.1571430561709253	-0.15957931452563937	-0.22669800587315014	-0.3492870250422417	-0.3544647017260983
129.1	-0.13367064777444432	-0.023815900578065794	-0.29432331222259445	-0.4856211108825418	-0.48568514296907533	-0.6490754470136713	0.30248597981634	0.3996434716024827	0.31961066640380387	0.9173991633730665	0.7379683630699966	0.827910601804838	-0.27718710398374385	-0.11073518490295428	-0.6419744247697121	-0.10124244454026919	-0.24475845686388406	-0.5899443521176039
130.05	-0.4942327650591575	-0.22509872749684365	-0.2892122449903074	-0.41063722550608495	-0.4582093149296111	-0.6235419597973527	-0.102142867734701	-0.15425359896291863	-0.06598553926155255	-0.30733618813594304	-0.36183398524468735	-0.6057901863880956	-0.05590757771693247	-0.11027356471329759	-0.13984894552154048	-0.4757828501388131	-0.6926334118621861	-0.8353179011528954
130.09	-0.06502018349873635	-0.39759277379469915	-0.5235282643294866	-0.293741265324376	0.026556159273908683	0.44136478647629224	0.047452756582336775	0.03292756738150655	0.04570707534173199	0.25420736122690624	0.4170208907201594	0.34896384650355416	-0.12166796032622235	0.06328357632551757	-0.37341046254748467	-0.06006092445567829	0.2874626517461709	0.16372636215903602
131.03	-0.43711448618326565	-0.34041621788297977	-0.32366907132000383	-0.4198269144757027	-0.49746943774689895	-0.4533679366759589	0.07137155995110568	-0.3897669318426416	-0.36559962745634417	-0.43186073958030236	-0.6190030315250428	-0.6740210662205229	-0.06603671452808109	0.05206793632735515	-0.23474063829196987	-0.342859310340388	-0.4523639836459044	-0.585351222187227
131.05	-0.09899154520354748	0.0066026232808305005	-0.4853844085697407	-0.9472404035385276	-1.4147842972333353	-1.6001660726259461	0.3050123381446326	0.23285049479984535	0.3258865780849179	0.7495477686740807	1.0735415918348554	1.341873468090015	-0.2821851482443259	0.3546992637064769	-0.3455300077964147	0.3389479147931362	0.676722826917477	0.5976233286120515
131.08	-0.06047224024846931	0.06151141307961463	-0.12475718596689814	-0.17832330898029117	-0.20236463248633613	-0.6751564353121142	0.3470933134132652	0.5189459431764767	0.6975255236315078	1.448372285171395	1.7831889880446965	1.9851989943626267	-0.1832385470768298	0.2751552311468907	-0.317515784822018	-0.09442644646985371	0.21300510728467276	0.4035476569149971
132.03	-0.02114837803974753	0.29169841427008913	0.5949492987532873	0.8855687900761562	1.4720477704484793	0.7701309270427817	-0.7555778563753918	-0.8657148631729202	-0.9704329782185865	-0.5235425022590273	-0.20694676358026465	0.25200429173987504	-0.1460619276970929	0.8913730008647858	0.2810236030696911	1.216260620361159	1.7514099135301522	1.5581645223970426
133.01	-0.05899801865379048	0.14932005774957952	0.4883676302782408	1.0998812307633292	2.004678615153894	1.8674221879800086	-0.24567257069225165	-0.1534988244225897	-0.2824561939708792	-0.42958357520384377	-0.6759372730188702	-0.6557321751386329	-0.28537730497279	-0.11194083792768728	-0.5666188390582201	-0.4925005348012006	-0.5843436473697091	-0.41351370180262775
133.05	-0.07928410410738224	0.13416575076454676	-0.23236528878896248	-0.03620862524488551	0.023330878981796074	0.008202478436116241	-0.017170839778544906	-0.41643673434857453	-0.743935709074136	-0.572203429669276	-1.018578749893943	-1.199611513658622	-0.08147415397833321	0.12126461537275685	-0.3361695891383267	-0.12161638440089029	-0.5153297289374508	-0.551520316049484
134.05	-0.06972700213460697	-0.06685802858384758	-0.06643853091325284	-0.07459896679881906	0.1315180306736836	-0.1580811935152703	-0.018802595142261232	-0.08906630812189038	-0.1624204332987558	-0.06097153441064056	-0.13718213177730734	-0.05119513918556324	-0.1894629956802509	-0.011756534362752653	-0.3885591093203954	-0.2289962515108117	-0.16161030617240657	-0.3045873286046513
135.03	-0.3542702059962775	-0.5438189264665592	-0.6725296730814202	-0.39189061262855035	-0.3096029788922285	0.006167336064303819	-0.4361886958291986	-0.29130435407191796	0.11522733140906645	0.21222845915296276	1.5800243713136162	2.3608995009359055	-0.07699298645207024	0.44627408874413194	-0.2573813958526611	-0.23988512242115226	0.19218662860304903	0.7096864969249244
135.05	-0.08282120408933041	-0.5754548802411162	-0.3976388931573326	-0.2754490636703098	-0.18820096883636278	-0.6503439615201895	0.08357508669520516	0.18239542243117657	-0.38976944084580956	0.13297716101279575	0.05334667103716652	0.30725031365746586	-0.04107988468767396	0.19818708762238518	-0.1980997533336292	0.27910712620324474	0.2185969614609951	0.0591647290092493
136.04	-0.49573941926829557	-0.2473923082562401	-0.24237047376617438	-0.49416015359355303	-0.5167554657483593	-0.6056267214251342	-0.11051313914202561	-0.26491886666429676	-0.2509138001032283	-0.5835970208970747	-0.8297872665411659	-1.059997384045254	-0.051168686910612125	-0.03194357801958488	-0.07324508350698858	-0.5677507148877695	-0.7308673418876339	-0.878347893798079
140.08	-0.1424760646934334	0.03979197244509638	-0.4506966229318759	-0.4042581500716744	-0.25660328764330853	-0.54552279930173	0.3059338789743151	0.04971679460706643	0.0694069244303336	0.19788276353635145	0.47841739678519346	0.5878564173808787	-0.29840440721298483	-0.003559996636234787	-0.370304056667433	-0.2214628527233129	-0.374705523730579	-0.3953695562116677
143.11	-0.17664386066424895	-0.07110964884995759	-0.08456311513159176	-0.2630954101767986	-0.13116728608424197	-0.24896485689985512	-0.3562281948706495	-0.36093773998546463	-0.3376057056372572	-0.30455674400173777	-0.26164115408923155	-0.21205537878591307	-0.1655885523978114	-0.12120668202078834	-0.5716391726572847	-0.10801385248463677	-0.23366814586313578	-0.5064083812417294
144.07	-0.2537813235981363	-0.28985874546275486	-0.6963030210290563	-0.8383584554203205	-0.9295446476852123	-0.9865265756204581	0.03615396354067576	-0.09645624689628202	0.023526784264365004	-0.020063333869085227	-0.04050557513222821	-0.059799661797042096	-0.17504406516436238	-0.12450768486214595	-0.283220285548437	-0.26640246540096507	-0.3265592724296025	-0.7507156655037132
145.01	-0.12909152247182923	0.3599142935572311	0.36794794613034154	-0.09793185506863199	-0.3618408904726797	-1.3292155406115846	-0.13804004740578227	-0.41236206402326586	-0.5261102493413073	-0.16623851116341778	-0.43149789461154264	-0.454065574966636	-0.0463821066728042	0.26476621644276405	-0.2619380401621766	-0.029586830029205334	-0.552612460166532	0.018059708222831032
145.05	-0.2160131092589233	-0.6982184329359061	-0.8159976359381508	-0.5444865120981826	-0.5035813241099925	-0.10015223260216334	0.3135159373256509	0.1490998379380491	0.1374340735021756	0.30248209133283305	0.2798267388519509	1.2021520579226914	0.17976215120281988	-0.1790381597863455	-0.3034140274778764	-0.1824149620565181	0.17186373461835563	-0.4978497021648121
145.06	-0.3424037364453237	-0.4856165092084385	-1.5109942809264785	-2.296107137044933	-3.488488473072127	-4.572432558418079	3.22536625999193	3.332667012405264	3.4632057437802852	3.695774978507529	3.6766589404770076	3.5400639580526008	-0.3088216816878654	0.166597116862543	-0.18278518911940614	0.24885669772499702	0.23703209012270582	0.0365950941199698
146.05	-0.0021049591258906343	0.1993022104984616	-0.09902092284458296	-0.15536441506494456	-0.05168328107674249	-0.32730258723029343	-0.007309483964384437	0.028582059728247466	-0.18050708189680104	-0.1696072255534574	-0.07092053673438664	0.40803488585078634	-0.35245269933455503	0.2591592136912339	-0.3820536547170791	0.08079661170562684	0.4685472243557883	0.45128658010588285
147.03	-0.1487629426072508	0.034341285832978255	-0.1205437569617963	-0.3558432153651887	-0.5291373322456461	-0.9035195874298463	0.06694576598553878	0.08467894277486121	0.003016095902053035	-0.15379536426711304	-0.30790518685259083	-0.24661946328490375	0.13138719873859236	0.14892432678587703	-0.0855156706533374	-0.2380306162385907	-0.41434780929768006	-0.3496558381738969
147.07	-0.11663487228273291	0.02536805511627839	-0.5812096668258641	-0.4118921038877778	-0.3712492639837407	-0.6774760092389928	0.4340254612749023	0.08149380036922081	-0.1795049433508383	0.3192081231023482	0.18954997797986722	0.10889168840963873	-0.24087641023057402	0.2119769626667865	-0.26722406830879314	0.10375967095536442	0.00018033741075022063	-0.10465980053672444
149.05	-0.5649259944212542	-0.20807082765033658	-0.21133849556977777	-0.6118732347805007	-0.8349096362553745	-1.1862743199252168	-0.15204663962444945	-0.19927180121170562	-0.29476812155283305	-0.5874499192011133	-0.8161531660946556	-1.3177576812097251	-0.04340827132308396	-0.15284217782216206	-0.12694877228040863	-0.5648159274869056	-0.929772205300754	-0.9848048599553352
150.04	-0.2264958505765685	-0.3706829613130975	-0.29918039995661816	-0.4142229131766238	-0.39940074572729	-0.5435492770231001	-0.13259989002743844	0.08032836272824527	-0.05142066385811143	0.2724981624279073	-0.04830428226007419	-0.11857338139041744	-0.13900952725513394	-0.07000364812674863	-0.2349500302942713	-0.4795891811016266	-0.23259061754708518	-0.36314686666256935
151.03	-0.1469511048835671	-0.9812642530769039	-0.9922870040784517	-0.8251920825120546	-0.4180632868120473	0.7693000101623707	-0.18157358312275124	-0.2338249543465043	-0.06735771236000683	0.2854891101497578	1.2600963346192604	1.8232541600889205	-0.1314484716262671	0.19124056076909363	-0.4384732669948916	-0.4974434331452836	0.20320392325175582	0.7362060798108985
152.03	-0.38342936338986017	-0.3470146365551197	-0.4230166121429554	-0.5006772834618205	-0.3614938996423617	-0.37918574571546143	0.057305930560294524	-0.19059906309618715	-0.20499613964678806	-0.4258491983280416	-0.6866323892679026	-0.844332585950183	0.010842402077623967	0.020736671621134798	-0.04653406467383409	-0.41216598183700554	-0.3895816185520127	-0.6792491352422799
154.06	-0.06968031082021588	-0.15164135081249017	-0.44022813009439254	-0.5822787438356782	-0.6735067900018841	-0.59597113934682	-0.0817183725265684	-0.04771807206893624	0.023695797349074284	0.7267531139172446	1.1844805961716807	1.6175189166781725	-0.4445493761550542	0.30422034010847027	-0.6610312344700038	-0.015514322095378025	0.16546334024146916	0.5967207910338664
156.03	-0.23243655753803424	-0.4747944525220276	-0.3024137976988231	-0.33754394458823855	-0.27375127288022	-0.652093584166863	0.03007394070109995	-0.3235871385107685	-0.7577250563499145	-0.18436415031913456	-0.7491864421157436	-0.864198859689549	-0.14481567763059983	0.04135687084224309	-0.4122920137001196	-0.3023487384461459	-0.35728806536296753	-0.47002012512241453
157.05	-0.13970688428265482	0.04278276297202757	0.0203052018790614	-0.14350259720736055	-0.11505773802730053	-0.36910462832077223	-0.17174999059017704	-0.18909885086576358	-0.26685186011457823	-0.29044972412027736	-0.4498035970609849	-0.43663242522301304	0.06492980209670653	0.1409128629654686	-0.0641287332591298	-0.07909555845738671	-0.23571522970371867	-0.18341384932313323
158.06	-0.12672402768951424	-0.2915108587727461	-0.48276916812331444	-0.3686566904432864	-0.2547782398531857	-0.1773415276090796	0.05554944301929596	-0.18874795249828424	-0.14255610387960202	-0.2999988158322551	-0.39295977641024016	-0.5219547011242867	-0.01593150399420296	0.01787066037798241	-0.11305050202093214	-0.28510563084850193	-0.20514881468428708	-0.44233449488745535
159.03	-0.5957925185482997	-0.39764446379337076	-0.48391390940050705	-0.38993543637206435	-0.3376389264755114	0.0011900917515602655	0.19012433915633695	-0.5164727642983088	-0.3271183970981844	-0.4798805717714605	-0.7142086813683667	-0.647240809326508	-0.02958008399935161	0.1411418859468292	-0.29710636932455853	-0.4031681072206378	-0.23512265664482626	-0.3927495505142998
160.06	-0.23248791641158484	0.06523023245207597	-0.30104597185099874	-0.4806289550286144	-0.3418164777391507	-0.9762005910960981	-0.19282401449454858	-0.172149516457715	-0.12076824683469424	-0.3799077674360338	-0.37864479218144	-0.39561640192402886	-0.11580143104941806	-0.07418724586992416	-0.19100903558491528	-0.4601738437819365	-0.6825030751982957	-0.6329838518913594
160.1	-0.3697390068029389	-0.7821390973140758	-1.0440755878443115	-0.640657506256773	-0.627540822789971	-0.5346921707858441	-0.14965302494619762	-0.4044094658410513	-0.3854778705660278	-0.20308021424074138	-0.2936691509118907	-0.628881596344859	0.2557557925090662	-0.15708550599951834	-0.3469552824358464	-0.4294459613624437	-0.17400275888664327	-0.6455376689154853
161.01	-0.9283292314447271	-0.9642754837095949	-0.5713167220050687	-0.878652803848119	-1.0599402526702548	-1.3101771102598467	-0.07793828717896104	-0.1939810231014234	-0.11151964879235811	-0.3901437561919537	-0.5878072939707515	-0.3164532023743244	-0.24149618582639107	-0.09531320681925691	-0.07147940458718068	-0.45593924126758856	-0.5252333664335777	-0.5945965080088562
161.05	-0.4019882636569432	-0.3130413804822847	-0.3173419006567665	-0.362120641219839	-0.4343253280848268	-0.49266324866550476	0.06999212695189438	-0.4449356475425633	-0.3836380775275109	-0.39325970805254723	-0.6522541810597094	-0.6929668679728971	-0.021473733156742347	0.1739800832804597	-0.1921866110749208	-0.2793459181050529	-0.3944318855574356	-0.42320688851883564
163.04	-0.24779677935390154	-0.31772652634855175	-0.3336999273344356	-0.35022865834801586	-0.3300939871960739	-0.3744557103693324	0.1533110849961305	-0.4232219245857126	-0.45678579660363405	-0.3773399397189395	-0.6102149482978586	-0.6952764110139602	-0.1642226419246424	-0.03907897359340661	-0.3665719166384646	-0.2767503381160258	-0.33461841471939524	-0.5325947123448334
164.07	-0.06905956493651771	-0.35328470589889316	-0.4225363101496657	-0.28305030393821934	-0.07293570080497513	0.42918190046939536	-0.2618887855999223	-0.3302718961498031	-0.15248600362634246	-0.07340931339477688	0.14320071065202242	0.08611389654114936	-0.09770498990237392	0.21584104098043805	-0.13013162876113388	0.13133830729092777	0.30774145477202586	0.13257170110774735
166.98	-0.3140027175775414	-0.052791292603890365	-0.12466696007693018	-0.26472153638497237	-0.1260962443577345	-0.14681085971237942	0.05756668260638833	-0.038426809270705305	-0.4144128215692863	-0.42725000456051526	-0.7894483845438066	-0.7518866951444771	-0.1803090912633637	0.04398361291715206	-0.3809394188203188	-0.19337542830950633	-0.2279809882967902	-0.270033591985453
168.07	-0.4889401862301504	-0.3129852602880601	-0.2929465556658916	-0.46497023574568364	-0.4903778881983335	-0.6713293518236374	-0.047831712569317314	-0.3314130463224176	-0.38979363308977616	-0.4501160149570657	-0.663710256709196	-0.8262788230358322	0.02063447712166203	0.01589815960158414	-0.177479079027207	-0.2840944498261127	-0.5274262003689862	-0.5799348093327372
168.99	-0.28091343246407735	0.07225749745501929	-0.049490914303798844	-0.16634797991044167	-0.4833445602696758	-1.036219724552467	-0.3041551003805298	-0.5055349491348015	-0.7986685744223115	-0.4576128873123752	-0.9110911374033702	-0.901096642213475	-0.18708705579277538	-0.01728778853140868	-0.3979363756655771	-0.28600311667423095	-0.5375471475494621	-0.6774559990802925
171.01	-0.22407001949159477	-0.08569566003401366	0.11420397588469323	-0.1409737627980898	0.48034899122135843	-0.05958454464096397	-0.7825601051424335	-0.6603528850064142	-0.7652339873609799	-0.7309854913421707	-1.0734504576615989	-1.04968443270192	-0.02456436779993055	-0.14158887894080485	-0.5336510338004608	-0.6117300612135154	-0.909628359971534	-1.2110651930565193
171.14	-0.12025241819183684	-0.1277403087853022	-0.2346675848378317	-0.30978557610465224	-0.2347093326771054	-0.14035580980786266	-0.24282379878887092	-0.13112694841727401	-0.07793235558108334	-0.11440697168018917	0.20452452162620927	-0.05147329519989666	-0.06935674351071135	-0.0915250332757044	-0.5902666170615318	0.0041876506454648	0.023963196308889538	-0.4996308464617584
172.06	-0.3880918895736524	-0.06766550654172787	-0.2847450077428794	-0.4787977751729023	-0.41472132888639773	-0.9140986312968801	-0.16292309314968811	-0.3423587691079178	-0.35631840500618456	-0.5853952099506889	-0.787766441006925	-0.9910643689294717	-0.07373942647759966	-0.060646833080999565	-0.20356732385303852	-0.5206426644427208	-0.7421300889223786	-0.8184640479065798
173.05	-0.22102835599907128	-0.3533378923982883	-0.398272481484714	-0.4127325105176949	-0.38398392912146473	-0.13074244152453954	-0.044517974261061986	-0.4416597310551257	-0.5162473003180676	-0.43600427134125214	-0.7065702891111225	-0.7317000848213927	-0.21593732385462247	-0.044590688039146245	-0.3595579421917365	-0.31496710713699544	-0.48737985195221245	-0.6659812724197328
173.09	0.037048266539426195	0.10603218551362358	-0.5520342471289009	-0.6780341348644828	-0.7375228589087434	-0.9200648273769965	0.6087473035634583	0.8216357347655613	0.9740838165425294	1.5397775653198487	1.4200000930745549	1.2115470040927296	-0.3731938036208177	-0.07719100691845579	-0.6254496262855409	-0.08693449403220958	-0.24471020382600464	-0.6174263394821383
173.1	-0.12039192295685036	-0.026747686413157404	0.21781235596455106	0.41629945110124367	0.7046793926005247	0.3875729623642177	-0.2803240225141456	-0.4469680233951982	-0.7846515274300605	-0.17358093588410112	0.2746308688987983	0.801729522827775	-0.25297576117294984	0.8549186781427371	-0.3160057161326826	0.3079500522378632	0.9844538538930997	1.798927432217874
174.06	-0.42428307339169885	-0.3390252381856713	-0.36781908448185757	-0.4295062894156205	-0.406720168302746	-0.3423827839300342	0.14343604027862553	-0.30054598993639164	-0.18474937728987695	-0.3468093355385815	-0.5315722305773638	-0.5751692930958128	0.03325580426960095	0.21253258024191513	-0.03736052636767873	-0.30233969771109787	-0.3417999144607681	-0.4585521189700102
174.09	0.13791036225929107	0.3491495665468082	-0.15972833653673968	-0.42246894571762594	-0.7701177914422683	-1.8376091904809102	0.20615898828184495	0.5417485601328915	0.7460431867743154	1.3897324064412053	1.5803314438674008	1.8630337180869045	-0.32937595324963714	0.14705047069446037	-0.5022917124447819	-0.07081459999377625	-0.01971341625745151	-0.04130644842869921
175.06	-0.1241588620670636	0.151423752645233	-0.1559115808504354	-0.2869940223160506	-0.03149998443342887	-0.5344924523463411	-0.09408806639302685	0.0009977298305997831	-0.058925393308349665	-0.15531848963975473	-0.25693316140101424	-0.09533418203326649	0.05941472190438525	0.05368649788830598	-0.22226973130729133	-0.32582907115689247	-0.4848911214115943	-0.35761650930812783
176.94	-0.27673549969695715	-0.27588482036725653	-0.0783632811325593	-0.40195626179164745	-0.5462551266237802	-0.930304013718292	-0.330759598787084	-0.244066518689709	-0.3552165496614099	-0.3923251030488462	-0.7583536157338847	-0.8136955516397116	-0.20705633263378143	-0.11124499200523119	-0.316191921737597	-0.3633096165303396	-0.6248617004529458	-0.6914685002079707
179.03	-0.21905248707313466	-0.34047128960682754	-0.43730324654943786	-0.37633807399157426	-0.33066765610061133	-0.3001766837947183	0.1664387424969341	-0.4076132479510673	-0.4035540971553593	-0.39360902807065784	-0.698535561056063	-0.7346743189112002	-0.11035451393542108	0.022312887591855537	-0.15659208558281346	-0.2767234803162328	-0.285658326636498	-0.5018984326041644
179.06	-0.31986710615049146	-0.19362674204339944	-0.05087635497086269	-0.16449884237625656	-0.503765249404332	-1.1827262105171283	-0.2411190466181168	-0.6124051035368395	-0.9402479435152336	-0.6854887601712887	-1.3185407016705033	-1.4233629954471063	-0.10136302401881919	0.10347318594172551	-0.3083995660142216	-0.23008562546561773	-0.7381038846095511	-0.6207923885462366
181.07	-0.15594912165813704	-0.34990575466840823	-0.45055320906524193	-0.29189657150440745	0.021191875414305384	0.637675456045766	-0.11187840245124224	-0.23980806574845276	-0.36590172011030997	-0.186949413332771	-0.15073862363603405	-0.09649300841716399	-0.1977352027050629	-0.11510224212563258	-0.4367370998387601	-0.27027673720346923	0.04804145536124245	-0.40097854489591506
182.97	-0.20133154085609903	0.2849793747176733	0.26354175366249916	-0.10333480016140566	-0.3941709039539354	-1.110856868693614	-0.2406459859283593	-0.6189944446382449	-0.9452524835881445	-0.46973987327692585	-0.9105252180226587	-0.9865561775206768	-0.04414955911131907	0.2631899976476268	-0.2952415849893858	-0.047490168385807795	-0.49510419734362515	-0.08100518106085745
183.01	-0.31069072225113314	-1.06541406869216	-1.1245746730565562	-0.9571553974873632	-0.7985714182407627	-0.3225168813087944	-0.12887703124676667	-0.3614198503253926	-0.5843476381037835	-0.3729866284110091	-0.585354430945095	-0.7843586937043489	0.09516231047984272	-0.057499971106787055	-0.38982524634547067	-0.18480294269145342	0.0942023565710592	-0.6148708124229053
184.0	0.02982246391009663	0.35763728941380496	-0.07564907082860474	-0.04899801105998145	0.0498244412652766	-0.2744705534627544	-0.11288760096234057	-0.1240939085718608	-0.3988888950170807	-0.4525074674522006	-0.4806792522843055	-0.14950316846312975	-0.283409942282483	0.23331119088267724	-0.35850895124186427	0.1290047118781556	0.4006196001544801	0.41554096245130345
184.99	-0.11172458455390792	0.2113148012382489	-0.0414008636948093	-0.2682921207670896	-0.44040302997192193	-0.9699555820152799	0.11719683927098744	-0.062358778240762754	-0.29846890034706863	-0.2686438427949849	-0.7173281814074973	-0.6948770643568658	-0.06677625232763731	0.17131483358277416	-0.18654370979261642	-0.1768153090527857	-0.5809139090985208	-0.4045134170869221
186.11	-0.49289544184873113	-1.0300351854214818	-1.0811670355567784	-0.6801494171166673	-0.20802889775215888	-0.02574079496256292	0.042390363488046506	-0.17463578129696558	-0.2991128708959587	-0.06884434546652272	0.0030243853670013656	-0.3730922826436656	0.004119234212943252	-0.36832898105033945	-0.535543434214737	-0.31171583335482606	0.49654083984121217	-0.6605882859331544
187.02	-0.2775574871348601	-0.21992096728348337	-0.32032614894943995	-0.7392606451503771	-1.1868606698133197	-1.5170857868698282	-0.24779587865585537	-0.16929189152186153	0.11183678412653324	-0.07693912133308736	-0.49230655066531426	-0.21899833835683855	-0.15218190860502767	-0.10263344296347904	-0.3650847617258509	-0.34482290862209297	-0.7523544667592481	-0.7445067889129009
188.06	-0.33797444067916865	-0.32822665411687924	-1.6353290391264954	-2.381138745110535	-2.7890214775245408	-3.3722308805276167	0.7467723111955782	1.0844149138069104	1.220218687952991	1.3943284573362726	1.6175312658590815	1.9136211749650502	-0.3260182653835949	-0.2119362291803454	-0.4518340536135628	-0.20580134091249178	-0.35870385545229694	-1.3195908372486136
191.02	-0.3696888054283529	-0.16970047610266908	0.2766256028916123	0.7771654269869405	1.6724192209378197	1.6597708132869806	0.06070177936889105	0.0717960470134414	-0.05702302141793285	-1.0514427109395068	-2.121966310692775	-1.5000314648658892	-0.3468643609272608	0.2717154086288634	-0.3726196358486857	-0.07703368178518405	-0.19078090182288146	0.49541973358276165
198.02	-0.49395323771535377	-0.2603601667522094	-0.34865831896119637	-0.47145585673570495	-0.4604487730153859	-0.688322273718932	-0.160415493107472	-0.15804582887606186	-0.25681245919392737	-0.3701844086160271	-0.628430013888545	-1.0440668219594964	-0.07194262764398109	-0.11365061844129211	-0.25936304890056	-0.46477405910065017	-0.6718127612642644	-0.6510296964296793
202.05	-0.2889386315779901	-0.5535738605508245	-0.6402513997911335	-0.6863430433880024	-0.2989954741603935	-0.13913371578648792	0.14918801088263506	-0.3820110022684122	-0.20847394211395012	-0.41545911478600595	-0.6800929666223289	-0.833918998501661	-0.08408843049322202	0.14041062548015598	-0.09254104979021974	-0.3209061813065334	-0.1957389330079981	-0.5730640343201946
202.07	-0.6493731267442279	-0.2164717216332572	-0.2951589753992174	-0.6750325575644595	-0.811329575092216	-1.137208255165456	-0.21779020453535386	-0.2542342125836689	-0.30586394316120846	-0.6739804897226828	-0.8463939791993486	-1.3116271947951716	-0.06199044016403223	-0.12403958693737735	-0.1132724350272213	-0.5692085603406554	-0.8787725440657417	-0.9600634342538992
202.11	-0.09005076871245435	-0.5720398969578738	-0.5043949691750621	-0.3974050233257671	-0.26245003370522735	0.6019809259486497	-0.049023738199570545	-0.28288926577214096	-0.19156571927647598	-0.22009552069120022	-0.1814137752331515	-0.4592695533098347	0.14013768601688312	-0.15984552671680563	-0.36729119205621735	-0.38326229051555516	0.27122504988392526	-0.271098999756442
203.08	-0.06521279129724668	-0.5941494997204114	-0.8760404227779058	-0.7268280176842852	-0.4095803811469106	0.2308945349112451	0.0010268638975681334	-0.1495790248255174	-0.07870087330245955	0.007231637756383035	0.015755079515172604	-0.07886905411890442	-0.07188761953990377	-0.06148607060325332	-0.34725603823198	-0.19854677819944913	0.15934045681853143	-0.1901832745302997
204.05	-0.19166480543456346	-0.09366682010131115	0.32037246837064265	0.17889922759393087	0.08931992318980145	-0.06978384871174699	-0.21283090476180627	-0.1655473763669458	-0.08827021948888836	-0.29254030970609435	-0.30186112686031547	-0.14043606637082545	0.0021490113871786053	0.13529900786205956	-0.06624252282368376	-0.020994849548424666	0.3669701568349944	0.4559178376850648
205.04	-0.433184875399411	-0.33665188056806805	-0.6209381836550842	-1.2449420209071764	-1.6345412647942907	-2.121828208383608	-0.15532679433962018	0.004409450058904263	0.5273844561549415	0.06441753785189203	-0.5291279248712074	-0.13862103536762968	-0.35772388819447043	-0.42210402285216264	-0.8274579742673701	-0.7902069666897741	-1.4418380282550387	-1.3079506834525991
212.0	-0.06051134124787809	0.046522999104284014	0.016659978808933856	-0.2956571071254013	-0.34759489212140127	-0.36987709908306515	0.3148471485493259	-0.1040815637220216	-0.46458733612586733	-0.23379281866107	-0.892418809711481	-1.1125915716031844	0.11071927952696409	0.4356293249269935	-0.13235945881082595	0.15855498410218385	-0.2719095098857389	0.054942465425598525
213.12	-0.28944770673505416	-0.31675116045020796	-0.3987937305992915	-0.15203293011817043	0.3276002814587457	0.6769911020051306	-0.1542833585286639	0.10778506828977392	0.44691000645972256	0.6579700268345857	0.7910763427457533	0.489080317494143	-0.08448024279505124	-0.07826226190175539	-0.3625343690458024	-0.4307232482977128	0.14250842139285025	-0.46316152878423317
214.01	-0.1131170184284729	-1.5065387041217015	-1.616332353763162	-0.691906137451684	-0.5215867474326734	0.3409985237388632	-0.23349234047660145	-0.4003724005921282	-0.7027939287607226	0.5350328962881477	0.24294587177727703	-0.7921064011628645	0.4129748419131242	-0.5709695209422505	-0.5372194410309767	-0.2514604904461268	1.2014560152524634	-0.9311596101154067
217.08	-0.6984155329673103	-0.6412039456690478	-1.512316743156122	-2.5007310343743563	-3.0919227635683146	-3.1507839765098984	3.14749366232342	3.5740413278419685	4.176553768682675	3.9208451832568154	4.154508669669898	3.676715267168073	-0.17367209126027494	-0.010794750986045095	0.14983156022293104	-0.23540277637573198	0.0466936186653879	-0.2871371771174523
218.03	0.22841413344221495	-1.0303222571366935	-1.0240108344665233	-0.35484147883619044	-0.6688011167364533	0.08111290374892369	0.040721884439809494	-0.8265638382516017	-1.3286643869072055	-0.7401674256824049	-0.7545381660273495	-1.2543133870057324	0.35317480862245115	-0.08443145631686368	-0.5935731838460654	-0.25462291080836785	-0.05809552260009145	-0.5397252636471415
218.07	-0.2149706089897344	-0.06429070131890395	-0.24927684288418184	-0.7278531459848235	-0.6700551593510774	-0.7981285958998925	-0.28754590133015845	-0.21258706003991962	-0.10866095422890627	-0.8160100869185365	-0.7529845440987986	-0.8216485068328654	-0.0807537688775696	0.045109734747107985	0.05810872440493092	-0.29005009654842384	0.07451988741540357	-0.01700943258387092
218.1	-0.4861892093869469	-0.177665378994432	-0.18076079098708134	-0.23117644897750594	-0.21433542712315992	-0.8769166200622773	-0.21232823658055408	-0.4496638599030313	-0.6612599043653329	-0.6469392054217786	-0.94052519175724	-1.0889514495894708	-0.015615877850342507	0.11004340593470625	-0.24740630138362052	-0.17288268444344232	-0.5737585092283557	-0.5906307237914907
223.07	-0.323638542695828	-0.2752945827494654	-0.3097602747858419	-0.5430816504058578	-0.3379398579952925	-0.2999579248833025	0.019534030913596255	-0.11365708712443481	0.055685474584956846	0.006068396460324939	-0.20423629386996436	-0.21732636266494204	-0.13277475230915126	-0.05498663762555554	-0.2461402578202839	-0.27947970763550806	-0.13457686018286036	-0.4033865942354737
225.19	-0.2941469938411149	-0.29557343332886354	-0.3675764465511485	-0.3413193560299267	-0.3227926562243097	0.20348610013586424	0.48162394787752105	-0.2641329791049774	-0.7874432303723965	-0.2223514208948943	-0.28141665251025827	-0.8963965915189992	0.1205447111387907	0.19326997149804026	0.03772161241143837	0.3331193837107508	0.8665800220135335	-0.2810653341575806
226.01	-0.1696040824673197	-0.24127683673203837	-0.9911564826265978	-1.4283559249234723	-1.708807312111708	-1.6270869051968582	0.8124238715678603	1.0206746790857162	1.0144114069500718	1.4800310594990236	1.6170762600577715	2.0460140031465257	-0.3274764698295483	-0.1329376792697298	-0.6282890635790308	-0.11519340440092936	-0.060927079451676754	-0.5684922355999739
226.08	-0.289078799153363	-0.30388238545608637	-0.26905217305273593	-0.7043740543154096	-0.390534520465853	0.1912809272344918	-0.033047304714159	-0.02635303289919336	0.41768438068013186	0.22600777239087105	0.6156541703524975	0.7670742730705676	-0.16537932546057835	0.013327021734729707	-0.22454352760009877	-0.5493401663551337	0.009713787570833058	0.15305132867209395
227.2	-0.2700777862283634	-0.1963548543019386	-0.3634322700169508	-0.43092509839313026	-0.450891280869319	-0.5146451948176103	0.12040996188480287	-0.3754928590536474	-0.6075887344587172	-0.25831694802070565	-0.11235142361745011	-0.6250049863923018	0.07539390671387396	0.049916752600433115	-0.208305164843022	0.017488865710113374	0.18043784878501976	-0.3876762052834983
228.03	-0.5279007879089116	-0.04408175946549152	-0.19369157543840357	-0.49840257558500906	-0.6668317967551028	-1.0366144213020307	-0.1598385608419331	-0.2151615178411732	-0.3960437016655506	-0.4589535961059966	-0.7040615170204907	-1.153699468304894	-0.12862310533471705	-0.11651294993332995	-0.23673054744422545	-0.5195748797205445	-0.958499228583792	-0.9447085536544453
229.01	-0.08333920526366716	-0.1643973331614204	-0.46221843588080724	-0.24589047694497942	-0.21151461941516134	-0.11940458779277958	-0.09262629386131345	-0.22975093815057304	-0.37021345412830514	-0.22494007610949507	-0.11989167776484952	0.08002468836023191	-0.17921621466741897	-0.03302000670340398	-0.3061546547693935	-0.29084682004951246	-0.2256521792838331	-0.5243207614200641
235.07	-0.4370029617939479	-0.38855195860736735	-0.608619573462137	-0.39530575352026115	-0.3695240462614051	-0.1668658354721873	-0.18695508903477728	-0.4010196621345428	0.11765461020735561	-0.312742747907936	0.02606802997863229	0.02042523543263065	0.037865432659387036	0.18083931790972632	-0.11137509627301115	-0.25003388973483653	-0.030008886257524785	-0.34449957011022947
237.03	-0.3463781149960877	-0.5130495646640842	-0.8920471164196859	-1.0328764544941238	-0.4860310060795704	-0.4930643775429127	1.2524897497697214	1.23093545062435	1.5056471774346571	1.4546391389915208	1.401445700272645	1.06716945499346	-0.15774753309784806	-0.06592631804384284	-0.09199076061194908	-0.2258308055171032	-0.07487262520942171	-0.3671765121596415
241.08	-0.4050860397081006	-0.42485639848277695	-0.7568791462065871	-0.9038770207787852	-0.4504470137566174	0.07462122771963031	1.0049222993377889	1.3333125408424567	1.8930025212700576	1.5131831762738734	1.6779129370359578	1.3518981117346285	-0.20445670063588453	-0.12090806254949542	-0.06793665263947715	-0.40634934642323645	-0.16093487012885943	-0.4619694735449128
242.08	-0.22213848128971903	-0.49919452664457653	-0.4252183075835738	-0.2399126515938872	-0.40118335754270307	0.09223492920785667	0.08455470089419861	-0.06824650800952296	-0.12950803544634476	-0.20015704826304648	-0.3399357037196388	-0.36211926434164116	-0.005794772055561135	-0.11973072111573231	-0.26465276323391934	-0.4478188255327255	0.00911371396444047	-0.5108979801421718
243.06	-0.17338996085301484	-0.39243496233241937	-0.3823232073402074	-0.3926511303139397	-0.12540715149498258	0.15224146094404042	0.06799554130939102	0.08632687725140763	-0.07078527879278101	0.02174129646895942	0.18299880230089755	0.4024214518185322	-0.11000324617881779	0.7488458285766261	-0.35115029610680565	-0.23454614305959823	0.4469973470723771	1.4852986548385396
245.0	-0.18727677742187337	-0.3706553956607716	-0.5303128243456788	-0.6677931360895106	-0.5760906642767434	-0.68317534052655	0.3562956074178997	0.46391189735418564	0.3880692201625541	0.8016920328366343	0.8273546456598545	0.7117541852215645	-0.19027721429734107	-0.0008798647552460412	-0.3075957273946081	-0.14343534109376174	-0.10028735766300832	-0.347688185600473
249.06	-0.30657574590590114	-0.4135487903391712	-0.5587874330687783	-0.5560647410399019	-0.4931015601975341	-0.34870850104749135	0.28507224323912256	-0.04108030576073887	0.22840473682934798	0.6141016651616281	1.5191419942463276	2.0641027079442975	-0.10566398254757563	-0.06056880019862308	-0.40464444571129876	-0.15003331345704007	0.296082712503828	-0.04940831516223301
253.01	-0.20392217618837694	-0.3302608686800474	-0.6504767357596476	-0.6973508998680664	-0.6448185955668774	-0.6675613301057156	0.019973157888111385	-0.6061909574482272	-0.6194264814107544	-0.42738795202218893	-0.877805324328509	-0.7509195077496958	-0.1121790282643366	-0.26206604685751017	-0.6010800319807962	-0.6687354856361986	-0.41971646611227653	-0.965223069060756
255.23	-0.44646906038720025	-0.25504124826146174	-0.43432012681243604	-0.42889730071460097	-0.38618745208508076	-0.6757304443912074	0.3591181140374833	-0.39006992242220784	-0.8139105625361349	0.020575663201673228	-0.33943888110525633	-0.44230159784273504	0.2886926980668118	0.26090762357167885	-0.04495378822966199	0.12580180666388205	0.6569905321742305	-0.10474924873398302
257.01	-0.1160892525014997	0.027229272187497103	-0.35953249631739426	-0.04227887397347617	-0.03502214754790789	0.22078010855634403	-0.18405072648894694	-0.3202261978566882	-0.1982338946894141	-0.42853101190290194	-0.8533946477746713	-0.6348410253051905	-0.25204547246071834	-0.1503729902661561	-0.2962327581437472	-0.34688559451028994	-0.5537883149451104	-0.6439843292619596
258.02	-0.05468822613073682	-0.32923604350615754	-0.2843725283068033	-0.6125198034086219	-0.4561603498842249	-0.13293454365210927	-0.1344294816105014	-0.10435455246135542	-0.224942973265607	-0.2644037182249481	-0.40439946758684536	-0.6424032671270846	-0.07062886317189791	-0.04286971824819099	-0.20785545396356309	-0.28971317185069045	-0.17111707438039456	-0.38589405998347553
259.02	-0.22184815318034798	0.12418439272968235	-0.005189775315893265	-0.1796550661528916	-0.12244065691331464	-0.8763820726112569	-0.4826225604938311	-0.6030098571474154	-0.5155722756052133	-0.445641080178096	-0.6452375665759003	-0.5818783456882236	-0.3882724984038046	-0.04170443967015747	-0.5122760016914549	-0.4157386660000625	-0.5833238718179226	-0.6526014190054787
263.1	-0.10458309738210829	0.17699923238450277	-0.4835268455177879	-0.031634851065418516	0.026036367610849688	-0.39602179150271416	0.13362038748329547	-0.5726282562976023	-1.5764593818227395	-0.5601313040048002	-0.8965539330331804	-0.9715052304737832	-0.42201538095505703	0.30500882228979714	-0.27203516304145675	-0.024803669281473147	-0.4426678355681557	-0.3155406610657441
266.09	-0.05178286485493667	-0.48301991174735953	-0.7873174861034182	-1.0453382787338668	-1.0767282048324263	-0.20096994653600278	0.16208037155250987	0.4691381337101211	0.9023264436326763	0.6336885944149614	0.6531218266738674	0.33164405216366305	-0.10699563004999255	-0.4706111873578902	-0.9483053841124471	-1.2107239918809989	-0.6099694575950049	-1.4361087083502844
267.07	-0.17587827917313595	-0.12619380586980605	-0.06088131531131882	0.5852435987419843	2.5524304674190312	2.273657791835437	-0.4583808177149499	-0.21681355984252332	0.4576752447228987	1.8922014969916883	4.05858940554799	5.103629338402532	-0.2316957354001535	0.696095260031146	-0.5143205341061633	-0.24108367209681275	0.2643518809166386	1.432684191144532
268.02	-0.1594521279161927	-0.26784547583624	-0.5498850010877557	-0.6091176447626054	-0.24298079854234922	-0.2386073650458943	0.40814167823012104	0.4170482000673847	0.4524882618203139	0.8610519568610192	1.0838674931779815	1.0890052460839998	-0.3324274605141264	0.0030141288371914577	-0.21061994676575793	-0.13565453704695563	0.32116256009151684	-0.03469068228448217
275.02	-7.925654722359513e-05	0.6693759938795798	-0.09379184975141845	0.8679419856823087	0.4968980786253175	1.0464818943514895	-0.10182771076814312	0.2371565096380088	0.2924986153896805	0.2703184507924433	-0.26850850847897484	0.13145220024739576	-0.30708627032389596	0.04705423511670521	-0.017325389682190117	-0.6492241046161437	-0.7960808533215654	-0.7673795657353153
275.12	-0.2670144584222031	-0.03981012871683671	-0.2853376672116338	-0.3794150297561203	-0.17221959728720496	-0.4387240554811759	-0.3440821651599186	0.2159248831110839	0.7516195035100396	1.33678999661848	1.6008801397172396	1.0045928531525503	-0.4473381683499057	-0.532818808289642	-1.1735351346267353	-1.3170723186142497	-1.1908631041324296	-1.4857724023985925
279.23	-0.3679166136037952	-0.36242396570767343	-0.43206724829537035	-0.5267164348421768	-0.48858692664102377	-0.21953465841309402	0.20992560576217378	-0.5299180872644459	-0.7737724774125977	-0.39062413744854757	-0.3833284037698919	-0.8402008283145169	0.5415549581970974	0.2136117955521283	-0.13992096629810094	0.28618249850309924	1.1475440530160386	-0.062014001364804595
281.25	-0.28820469227446444	-0.2519775753068694	-0.32266461621346487	-0.38602986184389443	-0.4081306842043094	-0.1474626691321168	0.12636600010050272	-0.41220720751435136	-0.47525825888686146	-0.28994070947572387	-0.37380816385037385	-0.6904092739757041	0.33462656903563365	0.1357846524284765	-0.20295340198716805	-0.018437574407274646	0.5184291642930887	-0.28233253706587574
282.08	-0.37781066682868397	-0.645050290535887	0.2644837503729822	0.22094227941571382	-0.42100228075749907	-0.3192593485761825	0.169606185261581	0.2784109434976156	-0.24682916445019445	0.05240332800076409	-0.029537825823144504	0.12618714955628688	-0.16830647166387766	0.962809844146362	-0.40091973908723894	-0.1814946941043388	0.8192060291460402	1.8969103730704042
283.07	-0.26854728256692717	-0.3256211520629586	-0.48301377567076864	-0.50072135592708	-0.2002708768116604	-0.15241429146446095	-0.2802676515578609	0.24695522960443866	1.176458262664843	2.4438205675993823	4.031757900832648	4.788469709297307	-0.2349517192322316	-0.15678910299173998	-0.36643908028700006	-0.3267446781912406	-0.0521070595046972	-0.3984346222937475
283.26	-0.43009313943572564	-0.2553871682359943	-0.43554701383832656	-0.3994312631787091	-0.3291817778508115	-0.5329206023037392	0.2967499570146895	-0.3692133337133979	-0.647364726919907	0.010176040671911725	-0.15140346146191655	-0.4498054016578025	0.006751539117186372	0.03480263635635647	-0.18044038308933444	-0.0206393081500053	0.36095310498793726	-0.34877906728801555
285.05	-0.1403520484720136	-0.27722241005772613	-0.622431899610588	-0.5817346030751512	0.023232398398433485	-0.23697325017048107	1.1620687659632947	1.17196786011057	1.445373167243746	1.7159038100407653	1.7648932803450206	1.7360550713802938	-0.1774481998375166	-0.08365459980524965	-0.3004226673137664	-0.2864258973454231	0.025200823603032274	-0.19390912247016603
289.12	-0.22718578715819954	-0.13246259608234132	-0.5018231934295817	-0.04367676460043854	0.08777176224914911	0.45281408596739386	0.6365860690576176	0.8868972128595266	1.2803304490062108	1.1816248625688601	1.3317274777786363	1.2743032521896738	-0.24957135684524817	0.021605099593488386	-0.11008669680117461	-0.027371686687344233	0.4051879450380633	0.05198586136860643
300.05	-0.3845784214355502	-0.049847914030381864	-0.1946933172351621	-0.42287276594382933	-0.42882454987446184	-0.7741558929860063	-0.09519064547332412	-0.2524320960399215	-0.5601102232565925	-0.2805438475955466	-0.3229886056587338	-0.3710305359687087	-0.1677237565857021	-0.08505533890811572	-0.18012306690042054	-0.3290530399870386	-0.3339646803271908	-0.5782078363464568
306.05	0.9022703388829411	-0.513369675747036	-0.6908656326628398	-0.75075502072807	-0.3987146550929229	-0.5519610486088671	0.11232151679273182	-0.14044129872142705	-0.20188668757893607	0.03598055838714512	0.04896253262572987	0.2698178253452647	-0.16288213800747925	0.09536312011948327	-0.38442627583769806	-0.42347453192179607	0.10342427305344709	-0.04582477384441451
312.06	-0.2976623374539246	-0.190115057942436	-0.8873259675812616	-0.8805422495601204	-0.8692575348730612	-1.162711475389398	1.8371564484936842	2.3102560189978583	2.512431167034179	3.91621209934058	4.349289850365333	5.448793238696645	-0.49717405648867447	0.13188060083616424	-0.5505660821331354	0.1771258020217971	0.833676834692768	0.411398075738276
313.04	-0.05600067742618531	-0.32737135088417724	-1.0747886060832652	-0.8032922429311284	-0.5397209349861314	0.0011352484311015372	1.223275618749717	0.6291812809875946	0.538807800907677	0.7996003654135588	0.90831479758921	1.5232821780622243	-0.33363993026286176	-0.21763903729829528	-0.9055193307875152	-0.6765675579208698	-0.15583980615598508	-0.46551126619048927
327.0	-0.1967697771350516	-0.3956631035786316	-0.6193115924388931	-0.7338811810371862	-0.41742342787261527	-0.21085729652601934	0.14262183222618535	0.19874229782316724	0.20987224605879576	0.42374401633804987	0.41256193263591867	0.4236098037846315	-0.25667931590765203	-0.06995078263722297	-0.22400500098717857	-0.1406431514938586	0.08717944727792508	-0.24862790439575197
334.03	-0.22696031372449138	-0.2389260622178119	-0.16963299505425086	-0.33725379520347043	-0.04499995453027046	-0.25538802808350614	-0.1708552664300255	-0.13291670529181027	-0.20049784107099966	-0.18674399747270676	-0.24496787377955948	-0.15194035196448707	-0.023835088932831455	-0.12419367066481314	-0.13523960538738813	-0.39046417409285933	-0.11612260911154634	-0.44664446240340233
334.07	0.09031464073681296	-0.47955669942114215	-0.43914788217982553	-0.20416873056600093	0.31220467344680014	0.4232558249558304	0.12709815703320496	0.2987178851339801	0.23578180218856556	0.5168076281558914	0.6645493600694529	0.5514763961029588	-0.016865299845591777	-0.014328959381276962	-0.32994377467507724	-0.14572254326670495	0.9684057025474374	-0.15597984737882598
337.06	-0.42237072672336823	-0.5606439138987572	-0.4783341563461085	-0.7395626592664432	-0.10222888661996186	-0.6791298424057501	0.3526159735572963	0.34854412768784887	0.3252411973674429	0.4329827660768997	0.5302356144293537	0.666813645128813	-0.2939409008729986	-0.3484876241582282	-0.3101865794809251	-0.6809874015336419	-0.7447508881929165	-0.7833656346659659
338.99	-0.22841177928792156	0.34628348128561853	0.15895792343376067	-0.01098157263298162	-0.10514527207406273	-0.8905441282009098	-0.6103531456250211	-0.2879819097550997	0.022520521856139227	-0.08517586333660372	-0.30074953650480046	-0.1708842259946531	-0.30833777812406526	-0.17578713478735047	-0.5714750743705405	-0.6955667308835318	-1.2074743495420992	-1.2649568971296603
341.11	0.15074133994799618	-1.1553742026418299	-0.6409128400300101	0.07945635550064845	0.06422525870474032	1.768419759896953	-0.17278644447220987	-0.43336944647309517	-1.4961906460005954	-2.203308849664475	-3.0537120722726896	-3.0911795846841383	0.00530725924030374	-0.12698900987025152	-0.37334165073582715	0.07065167860995149	0.9144088046962308	-0.10800066394132289
346.06	-0.18403725904897922	-0.15904966222821423	-0.5261684448068077	-0.5938535543074139	-0.37525270888715445	-0.23259901055295112	0.07685169729806016	0.13833782524073623	-0.20582115052094452	-0.14762261117680056	-0.3145895427773907	-0.12226738496160607	-0.27144128179204763	-0.13752061786702668	-0.3765796780576317	-0.5298333326539465	-0.32265404801714465	-0.32082936669067347
347.04	-0.39949819566406597	-0.459127469293231	-1.1037416471620374	-1.2539997429639076	-0.9828824042315604	-1.2954254008604447	0.9669998876709054	0.6834776524863917	0.6334365606924715	1.017697877478902	1.3543582457655126	1.4502208178272689	-0.3917258194880617	-0.5392924283421865	-0.7739804847984927	-0.955985622812841	-0.8110506943727647	-1.0667621265538771
350.07	-0.28105471923787134	-0.17776310191229763	-0.2596812789673103	-0.34283592915555294	-0.32194982317881	-0.4020807161991659	0.058910444855353995	0.20537788258657322	0.06862652231037897	0.2300139276638092	0.25475888616196113	0.11332340148712672	-0.15731502199995376	-0.0874142598675397	-0.08506189247494836	-0.250153231050836	0.03400217507987082	-0.22330996967385744
354.0	0.10394911388716682	-0.2997899943337021	-0.49200903556373654	-0.5072662095717259	-0.2707232395170913	0.21266579683468598	-0.025128037251353735	-0.15211801260766852	0.03802192021726727	-0.018522844959719377	-0.12861355813523523	-0.17563069923637928	-0.08092975388362193	-0.16290201831817094	-0.2259480460210601	-0.24243594718416406	0.21190160865855606	-0.22245302902547107
362.05	-0.23594094036783306	-0.19685707400231559	-0.44491934440616676	-0.3524914567072061	-0.15633444447184044	0.1281722671849082	-0.22408160447552616	-0.09020724044662191	-0.36845384041516793	-0.5670033589826284	-0.8407344479481537	-0.7214954848448457	-0.3156119364796432	-0.20345806257192217	-0.42571337187412384	-0.49572213516519686	-0.37149632317405284	-0.38844078527692405
363.03	-0.289264224005532	-0.17640724033096689	-0.1650969033632596	-0.19971136473844608	0.28014553262927744	0.03277051920963146	-0.28983480064095835	-0.5343330995907438	-1.1753954685660444	-0.009911170302305407	0.25201226749426153	0.5914610108697366	0.01698277509324783	0.28039409013416633	-0.22863838214148582	0.0006346106462488396	-0.1614428497662705	-0.05044758527398301
365.05	-0.34897136889387703	-0.25302272228772377	-0.29723884456877814	-0.3336241464828763	0.1564977468668409	-0.09488241722401487	-0.16710175109138606	-0.37865443796096043	-0.7778066926133171	-0.00738391776640249	0.7482675195095031	1.4451516642080713	-0.05885922415757033	0.18341600460815785	-0.26271494102389864	-0.12539460055859697	-0.35636841543298536	-0.2744732165702141
367.36	-0.27149942373694275	-0.33232265182003956	-0.3417352337715415	-0.47522454402283487	-0.4320628444754061	-0.5617665611033935	0.05232141255973704	-0.012046559465814803	-0.259953409009487	-0.07863163647845764	-0.23816220954477765	-0.44132389943393324	-0.1918951469337372	-0.21770158680509452	-0.34618673663815214	-0.22570012657809238	-0.4084905207657028	-0.5850402253341547
381.12	-0.057865699726488466	-0.28899421775676293	-0.43102130968523905	-0.3006850462838619	-0.03568305759697803	0.19511629769134986	-0.3309087204703754	-0.2900559037366734	-0.37291840109657365	0.06289718087102891	0.5261423160977827	0.6125664755731282	0.30824100162259965	0.2154957498084525	0.1890800930228044	0.016540896348655656	0.6511684638040806	0.4358184210245252
387.0	-0.25619820839808266	-0.297099265316402	-1.006470010407804	-1.5014608466750663	-2.3283751696507564	-2.6247632865342823	3.0862102437287664	3.3671691106470387	3.035737895907535	3.939729766147155	4.114113122923271	4.038715881056122	-0.25680116550363813	0.04375736843059924	-0.09469552251726153	0.23597718065789444	0.47648338405777957	0.3178222615865794
401.01	-0.14553486307504646	-0.35190078814703624	-0.462350397563152	-0.5209248304384901	-0.09810607732420339	-0.029798735270004737	-0.9428317422780006	-0.7594714064382473	0.7514452472407229	-0.5269522137172465	-0.4788242629415458	-0.2502253629307783	-0.2111106618956428	-0.12359295840826723	-0.5347106321855594	-0.3110938909307655	-0.02754311120960678	-0.2578466223538026
402.01	-0.16941933100295806	-0.15194675254419077	-0.1380583051862656	-0.059200805831088776	0.34694855525255947	0.20329123713330488	-0.05239817783095609	-0.023335581893233297	-0.11261125414688647	-0.261488276790637	-0.3214376913632245	-0.14880650425178568	-0.17426945849391276	0.007362885651944611	-0.5373571042583861	-0.4212378207726942	-0.1249414860971597	0.0740309640605171
403.0	-0.25790175088394546	-0.21528076599273346	-0.0785331741826045	0.07157511291711541	0.7420182141314976	0.4103603484272011	0.06561191457976585	-0.09470029523055125	-0.44702829615715295	-0.5395662137475983	-0.03804219385598425	0.6209390190272759	-0.23176025156533545	0.13968273773811526	-0.6375857956725113	-0.40468567664910887	0.05793952805856021	0.43183551865913417
417.14	-0.31292267389274797	-0.7837652056269498	-0.9368230781714192	-0.7158588596408354	-0.4908359580522199	-0.37606349494806984	-0.20973388787874803	-0.27453424110227376	-0.18539002498040266	-0.4708414832879305	-0.47884988798465483	-0.6171268699614516	-0.0455118731927892	-0.18367299537144147	-0.21689877012910347	-0.47383104180502283	0.21041142565923213	-0.9030232748418233
423.03	-0.12029809306437908	0.06046246681795656	-0.0954755900124589	-0.11078506983369844	0.23733972649893165	0.14892443847798695	-0.08725546613531819	0.09851595017059411	0.07808710362878239	0.07279456598959355	0.17112283642319498	0.041069249467397984	-0.2686107899103704	0.02096658838644791	-0.31228666304621744	-0.24021609533036734	0.007123350766702154	-0.10257404254884292
426.02	-0.27781342449524343	-0.24471870456682696	-0.3660010743616075	-0.6000294789365493	-0.1519963956595498	-0.4015913013768881	0.19818241421334087	0.48663581994669525	0.35033082110897873	0.46895434329397734	0.42609754953189766	0.7914477112569573	-0.3809688696628311	-0.19982692159151422	-0.6041211168916526	-0.5630571319911459	-0.3320613799777958	-0.2923955901949977
441.34	-0.33508658520412327	0.4319409038380257	-0.20827015262482854	-0.433543886674843	-0.06749421155085707	-0.03398404110479469	0.14738369286081945	-0.3847954017277045	-1.0944846884930668	-0.42044881625515473	-0.5389417423742465	-1.3182057814753658	0.6211101979139656	0.5865387749552261	0.45004221503600844	0.32971805956671457	0.47716200886176185	-0.3069389151047832
453.07	-0.5062281543187717	-0.7482223196093852	-1.1137125719642806	-1.1424561073774813	-0.8107500136374305	-0.6228334189835689	0.940278203223885	1.2723051614442897	1.2612425308691368	1.4647851833546064	1.9185932014610085	1.9055357133854491	-0.17551386858641949	-0.48183771097435796	-0.40860938733441854	-0.6701711659155064	0.13791373968492254	-0.6748589601840114
481.98	-0.2364750142595408	-0.04828543449373812	-0.12251098842093112	-0.1368925385612311	-0.09878382395301154	-0.39749996211636357	-0.09417267949699364	-0.10667870257624305	-0.4113958530831953	-0.36919547111596374	-0.39865419558061604	-0.11325075372045486	-0.19398564428174095	0.08209276152246399	-0.20958940928652017	-0.15259124436027646	-0.1578764276511285	0.08140340261278099
482.96	-0.32791609290353946	-0.031226130664502458	0.08783265053879721	0.3020758398130152	0.7770610300256949	0.3302588258311084	0.06507896241049226	-0.040385416809409734	-0.49588992012198857	-0.6036500368483629	-0.4601307340341188	0.1666117792969498	-0.25355197125180834	-0.013544371385877425	-0.540843232041612	-0.3883004376260205	-0.07184739246798964	0.490168303855778
489.99	-0.2310347580653823	-0.28246153006703245	-0.27031324050607963	-0.39076232332281696	-0.18814355090341103	-0.0036703624371050045	-0.07827664592846946	0.106264507984932	-0.049070786557429594	0.32549723728600116	0.5394967052447287	0.6805126929865919	-0.1662527272636525	-0.037783822324893114	-0.35912507486162304	-0.2606314347871018	0.21999525068311718	-0.05724285857635197
503.0	-0.059746221196478655	-0.5415863787406356	-0.5457117323361069	-0.3562967530809143	-0.4999414877617732	-0.2998394967270465	0.11458552390635289	0.29250861067383527	0.020564442519165865	1.006393590837019	1.2884256359211188	1.2469868868447864	-0.047270803172445294	0.02987432146448974	-0.3568722267556308	-0.08349949777414888	0.470590785389687	-0.1512278262466917
503.16	-0.20926879195075723	-0.3943093000338619	-0.23020358624037016	-0.518260740922967	-0.7596365289548455	-0.6862190276632071	-0.3645602648981029	-0.48266540922828494	-0.8931032330825229	-0.816397278748476	-1.0313877352142546	-1.0735856914046908	-0.32264829577778203	-0.10917420456240155	-0.43123823525672333	-0.34679282492393815	-0.3530870435649093	-0.6392013872495727
505.99	-0.33143653141810847	-0.07860239481206929	-0.09869186462495724	-0.1767978961636015	0.06593424645361377	-0.2907447116516691	-0.060568441773274875	0.4050849017665228	0.3310499333574161	0.5792723447020539	0.719243102929305	1.274544371937493	-0.3521261872325653	-0.2621639356655405	-0.4900724485291531	-0.37230470239127605	-0.2087558032695345	0.08278175971882444
521.98	-0.26249253126896355	-0.04055016518149815	-0.16617705962284401	-0.17864737019576254	-0.0833313775798747	-0.268423516820606	-0.021461633940893933	0.16029766854359057	0.04432812170910225	-0.22436753968899711	-0.6371223258867018	-0.18111978155534036	-0.11864075203436543	-0.1357536087476631	-0.34179791206679944	-0.37693359957502726	-0.22052338935601187	-0.07153553623783573
565.05	-0.23327384804655552	0.17357716835411063	0.36906705530750133	0.6163864069938374	1.0419993218457102	0.8137502977154143	-0.4492262471509364	-0.17075209710948383	-0.6038932715633905	-0.6639598431088556	-0.49234915369196536	-0.1508536034269336	-0.33958839305990873	0.10661470913829986	-0.37277625094138445	-0.24077039981461054	0.34115561719533144	0.4602095091892012
59.01	-0.2855928177185399	-0.492425699565761	-0.3259393048298005	-0.5312151882885602	-0.8852987632391368	-1.0897232196476265	-0.19115470984343047	-0.238573966228603	-0.16789534831427927	-0.5089942372222601	-0.8409443370976424	-0.7673622937995477	-0.1915786905449711	-0.10167838438172822	-0.1301238294107889	-0.3027228377009085	-0.5162183612490328	-0.6264298757330193
59.02	-0.329189262872191	-0.46258411870887933	-0.28891663714317867	-0.5396359343667463	-0.9364363119693971	-1.1669685933338243	-0.20543098536174015	-0.1685458938761618	-0.09178017129481879	-0.4995684339829702	-0.6507628796381668	-0.7626812992550799	-0.36266604357873045	-0.1854158928249182	-0.2868563056624127	-0.5752201386537138	-0.8023687193311123	-0.832427920645494
604.07	-0.3598392104235197	-0.16965320922992375	-0.27938569803581803	-0.3868220107130549	-0.1269234978238827	-0.3688364054673524	-0.21758989629726677	-0.3606376340423143	-0.7228371837929711	-0.8123423114982239	-1.1823911937628748	-1.1319125972185833	-0.22814349730841513	-0.2756629271874243	-0.31831317233147005	-0.3409823288948246	-0.280623441280174	-0.6162865920600124
606.07	-0.2971033809652605	0.00289163178093388	-0.14194257585217504	0.025689273484575868	0.5678016952091366	0.405001872822788	-0.16259865372287913	0.10334782024569836	-0.016894532588359865	0.056018608258683586	0.5745460448171859	1.1949049767170634	-0.35725441811376085	0.22559958042860756	-0.5425275038064161	-0.04307913616466614	0.9524493902646143	0.9075337405947986
611.15	-0.19628396984656798	-1.2825268878229232	-1.4455657590124054	-0.5829446564270847	0.6204445801191492	0.3620833047547657	-0.32315545251284034	0.018548235846449216	-0.7237866469165313	-0.11508215270978614	0.5057661554611779	1.151445604110895	-0.17407708083528917	-0.6800725601194363	-0.7923347793721239	-0.44936005558637504	0.5420630866134514	-0.3073351110882419
662.1	-0.24238170430867134	0.13991869380344554	-0.12834920224825963	-0.21829496799599654	-0.1921024507960602	-0.5839272685741047	0.41155533248808707	0.6034507263655691	0.5867315228011826	0.9077367297234759	1.0721047028069381	1.003829876707811	-0.3180240320758903	-0.17338904909413208	-0.4222251110805371	-0.3414917162819971	-0.1566847202413038	-0.4236553087305481
664.12	0.07714056816403234	0.02284440339215297	-0.17910982746281587	-0.4169729511844585	-0.21572494649523258	-0.028356934789322816	0.12287359143291936	0.5526007099290504	0.8584228593638901	0.30141188697556026	0.5234502098037914	0.5118998947695078	0.22065013409280493	0.2976681679665277	-0.24628352734777265	-0.4540638615499682	0.12036096423636296	-0.8625047052345097
665.22	-0.04244468921743023	-0.7680901260138938	-0.4527260634832316	-0.40070037798504	-0.4031701208368155	-0.2887276344359126	-0.25430138479525904	-0.3019808977668928	0.055172557038436335	-0.22634201131316803	-0.170882773949897	-0.0509805631878198	-0.5032021411206935	-0.04373748048454592	-0.3601798824436302	-0.2047840289834048	0.03668912030972891	-0.871160368191271
679.31	0.26222495007886504	-0.5777184334480593	-1.5471891047693416	-1.3091628382730718	-1.1483721004654088	-2.3806505935035753	-0.08187966974814534	-0.6725012565418197	1.2534617051000618	-0.07688776651048214	-1.3675061972481226	-1.360037824679774	-0.10805051499491221	-0.1287216312502081	-0.8446017214162479	-0.13992122928341466	-0.5160059187287249	-0.8835368720212102
694.67	0.6209378473797201	-0.5855497040730016	-0.9119168691925146	-0.48771885073250765	-0.9550832014915533	-0.5921773321032177	-0.3838467740191703	-0.9511520134624719	-1.1219258391355582	-1.0402752103479158	-2.0530551736850136	-1.8658295918106291	-0.09673861663075779	-0.03695153680134493	-0.6898606555507654	-0.13246416452914517	-0.7157089330429403	-0.9189894874393567
71.01	-0.43780247746463447	-0.25684204680161343	-0.11347918392789548	-0.29073370616450644	-0.4927455847246561	-0.9871530386031977	-0.1912009211762192	-0.4630530203191069	-0.6572233878281185	-0.5543502917229276	-1.0091805380126122	-1.1265373843889714	0.00603616391503363	0.05219897751105036	-0.24500913000116534	-0.18824409684315874	-0.5567590778952538	-0.5625561112660061
716.26	0.22186103377440908	-0.3838751224309577	-0.2038228080122626	-0.7946527091227589	-1.4012281844088887	-4.959392596262503	-0.6576528380400649	-0.2631845036650776	1.7057173763595939	-0.22043431015189466	-1.3472639650779563	-0.37237844238613854	-0.859737115681645	-0.0476107487082574	-1.1686620381728057	0.06536155322564094	-0.6742260601016038	-0.7483298913826463
73.03	-0.1645093732538288	-0.15248354898454183	-0.38391065921722706	-0.21156521569753658	-0.21197788987663657	-0.4979312359577174	0.08068656756863904	-0.2547460997345884	-0.2586066973603173	-0.3742362668709282	-0.527694588497946	-0.6853204307935434	0.06279588155658097	-0.03946425061819414	-0.271840122782273	-0.31370955467708017	-0.34955705588104935	-0.6286247632868838
74.02	-0.07208850201843416	0.02726834851638433	-0.29524414781082525	-0.42859048323870536	-0.27316119720648546	-0.4966429892107601	0.3360872562724652	0.1840504685990347	0.19671393172680765	0.5606912149969105	0.684111752557887	0.7098099356000487	-0.12482925749379671	0.1946788506040917	-0.265874489931843	0.13124356764335504	0.2617665582781942	-0.06770845937946243
742.07	-0.34943048440740826	-0.14742478456580824	-0.19438655618219675	-0.4165110680582838	-0.3629500267798618	-0.5797009975830392	0.1084142422035821	0.5182711017257814	0.38755417982174645	0.5308531245749387	0.824909753464083	0.764778131366268	-0.2743611046330348	-0.41807791782044545	-0.24580774997801016	-0.5010072409216757	-0.04174068831440597	-0.5366910427161868
762.07	-0.3611336653230802	-0.0511897650756451	-0.35611025161880594	-0.013443064297716157	0.012717639901660433	-0.09511320337248609	0.06472640817161669	0.7391981384364633	1.3767380127855624	0.8589567750732084	1.1171000185211672	0.6833615286305618	0.11301321997477401	-0.31127372167777356	0.019153688467321225	-0.6310257283976799	0.30059553653407944	-0.5666992200329974
766.11	-0.5245428328348624	0.34003487034913055	0.21753461373345348	0.3121218400208495	1.3070375024738317	2.004604617074471	-0.21042864708775993	0.16078538051171837	1.1708984140139334	0.05689843511471724	0.3938284968107963	0.6432304480876192	0.008302496063390293	-0.4476352897122523	0.08167191801401479	-0.8973438097046514	-0.09026132354131469	-0.5229734978687108
808.12	-0.37726055667150515	-0.09349827664733393	-0.03374597913334626	-0.08110848574054937	-0.013397250463802123	0.08116464924652105	0.050195397203351554	0.28496797318938627	0.5897598456431485	0.2409718742831772	0.5220521077444922	0.569782187289705	-0.2046749774007756	-0.3550826772557804	-0.2956206171254027	-0.7304516217782068	-0.09849949916255746	-0.5995462269499002
835.04	-0.698391778176554	-0.4878840451763753	-0.5050990676041447	-0.522155489566708	-0.5938871634118887	-0.23496839900116473	0.3244483799582778	0.44226240645006587	0.7826942166623752	0.6774258362221948	0.39834444986011874	-0.18130611360524923	0.3022179399958674	-0.3094688802541023	0.045961196591986914	-0.653546694074321	-0.3340924965978081	-0.6120905518139412
87.01	-0.2662240672599355	-0.12000256504008375	-0.19544043130456834	-0.15045784476820637	-0.07590573955156701	-0.23804874396776507	0.0007243404016017073	-0.44294535988349876	-0.6417428324358766	-0.6525494494809448	-1.094892932537929	-1.1751356688229015	0.004047146670398801	0.13612647264877534	-0.3262081787990977	-0.12925730464983318	-0.4890535999990007	-0.35927848794481376
88.04	-0.26261129732862837	-0.14277442508429905	0.01505553931550424	-0.18994887372527236	-0.03824109494068874	-0.3333499690615918	-0.3048716743329299	-0.2512775973837965	-0.18153486616295542	-0.5322774827096504	-0.6273811059905181	-0.7793018723715085	0.055455466552924396	0.097010932865801	0.007552483479363778	-0.13348044491171318	0.09171550486734395	0.03335669858599395
89.02	-0.1647670201689988	-0.5072811516998932	-0.3707641023097776	-0.3715704514762054	-0.6617751600017958	-0.21354475114676474	-0.2114228177634303	-0.46843279078961403	-0.6030059861465069	-0.6595948381803302	-0.965382920643839	-1.2628389416896726	0.09701974737355804	-0.02169941710197281	-0.2141766801970372	-0.31603211697795913	-0.37067002539819605	-0.7061281503793903
91.04	0.1534940072826982	0.3327911402748074	0.3790483165645699	0.21673561769951946	-0.23769038361086767	-0.3875149729316672	-0.3836703825061268	-0.4715780237991793	-0.8249500565404747	-0.7653564687788719	-1.3721546199280972	-1.2961815497564437	0.07911974779853183	-0.21415612799433398	-0.05466044545970735	-0.5776587221769368	-0.3402414051711032	-0.6083452671810017
920.24	1.6441430053294295	0.07600524124360372	-0.010706568644536353	0.6412989983133369	-0.27752091329374984	-9.281146096996844	-0.08421625523059698	-3.136967453965336	-2.5889082966109984	-3.0025365020337174	-5.751291478169738	-2.2429930514457945	-1.214128424987557	0.1972377620086156	-0.521882466248347	-0.29635163712222984	-1.2244165006098835	-2.4409452907577913
96.97	-0.3395488553914595	-0.23865089332290723	-0.019435483775956608	-0.41111187439494074	-0.7981775026165808	-1.5675204265677045	-0.2701526046722189	-0.33982973508378395	-0.4873872808120534	-0.4393171534361382	-0.8910649508125862	-0.9354857943331232	-0.1726768810417015	0.006585434166245658	-0.28817020509367847	-0.31894190258826255	-0.8037630184699839	-0.7150722726408745
994.3	0.1406063163759398	0.1946272429939874	-0.08954712130912267	-0.801114911166811	-0.793100130561563	-5.7833933538778375	-0.5004700911282689	-0.6529703830844232	-3.0326684742288954	-1.1450585623331004	-3.561957530304487	-0.9315744839386597	-0.737674779423451	0.17608052879455022	-0.738857026117284	-0.29118602862617626	-1.030153065777882	-0.8208577606214266
