	N_downshift_15min	N_downshift_25min	N_downshift_44min	N_downshift_5min	N_downshift_79min	N_downshift_9min	N_upshift_15min	N_upshift_25min	N_upshift_44min	N_upshift_5min	N_upshift_79min	N_upshift_9min	Rapamycin_15min	Rapamycin_25min	Rapamycin_44min	Rapamycin_5min	Rapamycin_79min	Rapamycin_9min
YBL005W	1.16115090926	2.69897000434	2.69897000434	1.42021640338	3.0	1.04095860768	-1.45593195565	-1.55284196866	-1.09691001301	-0.943095148664	-2.0	-0.841637507905	0.987162775295	0.739928612015	0.917214629684	1.65757731918	1.18708664336	1.08618614762
YBL021C	1.18045606446	1.67778070527	1.95860731484	1.61978875829	2.39794000867	1.48148606012	-0.160521952626	-0.548213564476	-0.673664139071	-0.80966830183	-0.756961951314	-0.254925208418	3.0	2.39794000867	2.52287874528	0.879426068794	3.0	1.39794000867
YBL103C	-0.459670525209	-0.546681659953	-0.548213564476	0.40671393298	0.59516628338	-0.309803919971	-0.291579099865	-0.619788758288	-0.742321425131	0.939302159646	-0.598599459218	0.742321425131	1.38721614328	1.60205999133	1.15490195999	0.213958789757	0.844663962535	0.490797477669
YBR049C	-0.204119982656	-1.35654732351	-3.0	0.892790030352	-3.0	1.0	-0.116338564846	-0.175223537524	0.515700160653	0.500312917382	0.777283528852	0.892790030352	0.730487055782	-0.453457336522	-1.92081875395	0.233587152888	-3.0	1.03151705145
YBR083W	2.52287874528	1.72124639905	2.69897000434	3.0	2.52287874528	2.52287874528	-1.25181197299	-1.2757241304	-1.49485002168	-1.22184874962	-1.85387196432	-1.31875876262	2.69897000434	1.48148606012	3.0	2.22184874962	3.0	3.0
YBR182C	-0.962573502059	-0.917214629684	-0.590066876669	-1.28399665637	-0.472370099129	-1.05060999336	0.313363730738	0.645891560853	0.591760034688	-1.58502665203	0.853871964322	-1.06550154876	0.57839607313	-0.987162775295	-1.0	1.30102999566	-0.756961951314	1.18708664336
YBR240C	1.30102999566	0.628932137728	0.432973633841	0.79860287568	-0.399027104313	1.24412514433	-2.39794000867	-2.39794000867	-1.04575749056	-2.30102999566	-0.467245621008	-2.09691001301	2.04575749056	1.45593195565	0.829738284605	0.590066876669	-0.573488738635	1.88605664769
YCR106W	3.0	3.0	2.09691001301	3.0	3.0	3.0	-1.72124639905	-0.920818753952	-0.723538195827	-2.09691001301	-0.323306390375	-1.31875876262	2.52287874528	1.2924298239	1.22914798836	1.52287874528	1.7447274949	2.30102999566
YDL020C	0.567030709126	1.30102999566	0.725842150736	0.767003889608	0.815308569182	0.614393726402	-2.69897000434	-3.0	-2.30102999566	-0.649751981666	-0.826813731588	-0.623423042943	0.70114692359	0.804100347591	1.95860731484	0.447331783888	2.69897000434	1.05551732785
YDL056W	2.69897000434	3.0	2.69897000434	2.69897000434	1.92081875395	3.0	-3.0	-3.0	-3.0	-3.0	-3.0	-3.0	2.39794000867	1.60205999133	1.58502665203	1.30980391997	1.46852108296	2.52287874528
YDL106C	2.04575749056	1.46852108296	1.92081875395	2.69897000434	1.69897000434	2.0	-1.95860731484	-1.35654732351	-0.935542010773	-2.09691001301	-0.966576244513	-1.85387196432	2.09691001301	1.30980391997	0.913640169325	1.1739251973	1.16749108729	2.09691001301
YDL170W	3.0	1.13667713988	0.869666231505	3.0	0.69680394258	3.0	-3.0	-3.0	-2.22184874962	-3.0	-1.22184874962	-3.0	2.04575749056	1.79588001734	0.869666231505	3.0	0.623423042943	2.39794000867
YDR043C	1.88605664769	2.0	2.22184874962	3.0	2.69897000434	2.15490195999	-1.28399665637	-0.619788758288	-0.718966632752	0.384049948344	-0.721246399047	-1.3767507096	2.09691001301	1.72124639905	1.7447274949	2.52287874528	1.55284196866	3.0
YDR123C	3.0	3.0	3.0	3.0	3.0	3.0	-3.0	-3.0	-3.0	-3.0	-3.0	-3.0	3.0	3.0	3.0	3.0	3.0	3.0
YDR146C	3.0	2.69897000434	3.0	2.39794000867	3.0	2.69897000434	-0.596879478824	-0.241845378033	1.02227639471	-3.0	1.28399665637	-1.82390874094	3.0	3.0	3.0	1.72124639905	3.0	2.30102999566
YDR207C	2.52287874528	3.0	3.0	1.1739251973	3.0	1.76955107862	-0.841637507905	-0.694648630553	-1.09691001301	0.268411234813	-1.40893539297	-0.567030709126	3.0	3.0	3.0	3.0	3.0	3.0
YDR216W	0.728158393464	1.07058107429	1.40893539297	0.416801226031	1.33724216832	0.709965388637	-0.171984935776	-0.289882634888	0.860120913599	0.158640529545	0.785156151952	-0.472370099129	0.821023052707	0.679853713889	0.459670525209	0.850780887345	0.549750891681	0.441291429467
YDR253C	-1.26760624018	-1.48148606012	-1.05551732785	-1.50863830617	-1.05551732785	-1.2757241304	1.55284196866	0.995678626217	0.970616222315	1.25181197299	0.882728704344	1.88605664769	-2.04575749056	-1.48148606012	-1.49485002168	-1.76955107862	-1.82390874094	-1.50863830617
YDR259C	-0.823908740944	-1.10790539731	-0.761953896871	-0.669586226651	-0.673664139071	-0.709965388637	0.634512015109	0.649751981666	0.754487332186	0.422508200163	0.910094888561	0.600326278519	-0.490797477669	-1.09151498112	-1.19382002602	0.508638306166	-0.769551078622	0.465973893944
YDR310C	3.0	3.0	3.0	2.52287874528	3.0	3.0	-1.7447274949	-0.450996737974	-0.273272790973	-3.0	-0.698970004336	-3.0	3.0	3.0	3.0	3.0	3.0	3.0
YDR423C	1.0268721464	0.692503962087	0.718966632752	0.913640169325	0.559090917935	0.982966660701	-0.698970004336	-0.21968268786	0.772113295386	-0.821023052707	0.853871964322	-1.25963731051	0.943095148664	0.542118103266	0.939302159646	1.82390874094	0.991399828238	1.65757731918
YDR451C	3.0	3.0	3.0	3.0	3.0	3.0	-1.95860731484	-1.18045606446	-1.10237290871	-2.69897000434	0.928117992694	-3.0	3.0	3.0	3.0	3.0	3.0	3.0
YDR463W	3.0	3.0	3.0	3.0	3.0	3.0	-2.69897000434	-1.7447274949	-1.72124639905	-1.10790539731	-1.03621217265	-1.7447274949	3.0	2.69897000434	3.0	3.0	3.0	3.0
YEL009C	2.39794000867	2.15490195999	1.55284196866	3.0	1.67778070527	3.0	-2.30102999566	-1.69897000434	-1.06048074738	0.549750891681	-0.863279432844	-1.24412514433	3.0	1.63827216398	1.25963731051	2.69897000434	1.32790214206	3.0
YER040W	3.0	3.0	3.0	3.0	3.0	3.0	-3.0	-3.0	-3.0	-2.15490195999	-3.0	-3.0	3.0	3.0	3.0	3.0	3.0	3.0
YER111C	0.935542010773	1.35654732351	1.79588001734	0.872895201635	2.30102999566	0.860120913599	-1.43179827593	-0.60730304674	-1.04575749056	-3.0	-0.752026733638	-3.0	0.812479279164	1.55284196866	2.39794000867	0.863279432844	2.69897000434	0.876148359033
YER161C	2.39794000867	1.38721614328	1.67778070527	3.0	1.56863623584	3.0	-1.45593195565	-0.892790030352	-0.910094888561	0.248720896017	-0.728158393464	-1.05551732785	2.39794000867	1.45593195565	1.52287874528	3.0	2.09691001301	3.0
YER169W	3.0	3.0	3.0	3.0	3.0	3.0	-3.0	-3.0	-3.0	-3.0	-3.0	-3.0	3.0	3.0	3.0	3.0	3.0	3.0
YFL021W	-0.492144128304	-0.514278573518	0.728158393464	0.478861916296	1.03151705145	-0.460923901207	-0.686132779631	-0.847711655617	-1.02227639471	-0.675717544702	-0.677780705266	-0.576754126063	0.617982957425	0.492144128304	0.545155139991	2.39794000867	0.632644078974	1.0
YFR034C	2.22184874962	1.44369749923	0.841637507905	3.0	0.524328811676	3.0	-2.39794000867	-1.55284196866	-1.55284196866	-3.0	-1.52287874528	-3.0	3.0	2.04575749056	1.10237290871	1.2757241304	0.694648630553	3.0
YGL013C	-0.370590400897	-0.306273051076	0.301899454377	0.429457060118	0.369572124975	0.440093374964	-0.453457336522	0.752026733638	0.876148359033	0.787812395596	1.06048074738	0.705533773838	-0.565431095966	-0.74714696902	-0.690369832574	0.373659632625	-0.632644078974	0.315154638356
YGL073W	-3.0	-3.0	-3.0	-1.33724216832	-3.0	-1.25963731051	3.0	3.0	2.15490195999	2.22184874962	2.52287874528	3.0	-1.08618614762	-3.0	-3.0	0.341988603343	-3.0	0.593459819566
YGL131C	1.22914798836	1.67778070527	1.44369749923	0.605548319174	1.10790539731	0.679853713889	0.510041520575	0.723538195827	0.910094888561	0.958607314842	0.847711655617	0.725842150736	0.879426068794	1.05551732785	0.619788758288	0.596879478824	0.382999658879	0.86646109163
YGL162W	1.23657200644	1.24412514433	1.30980391997	0.714442690992	1.16749108729	0.856985199746	-1.35654732351	-1.48148606012	-1.46852108296	-0.725842150736	-1.01772876696	-1.58502665203	1.06550154876	1.11350927483	0.679853713889	1.7447274949	0.896196279044	1.3767507096
YGL237C	-0.563837352959	-1.36653154442	-1.40893539297	-0.258848401148	-2.30102999566	-0.211124884225	1.52287874528	1.52287874528	2.69897000434	0.296708621881	2.52287874528	0.882728704344	-0.540607512241	-1.30102999566	-2.15490195999	0.52287874528	-2.52287874528	0.0963674839158
YHL009C	-0.379863945026	-0.531652669588	-0.517126416391	0.634512015109	-0.403402904374	0.399027104313	0.537602002101	0.663540266151	0.507239610973	0.486782399932	0.290730039024	0.767003889608	-0.393618634889	-0.559090917935	-0.709965388637	-1.09691001301	-0.80966830183	-0.58004425151
YHL020C	3.0	2.69897000434	3.0	3.0	3.0	3.0	-1.30102999566	-2.52287874528	-2.22184874962	-1.14874165128	-1.67778070527	-1.2757241304	3.0	2.52287874528	3.0	2.30102999566	3.0	2.30102999566
YHL027W	1.85387196432	1.52287874528	2.22184874962	0.585026652029	2.09691001301	0.896196279044	0.657577319178	1.07572071394	0.872895201635	-1.82390874094	0.605548319174	-0.946921556517	1.95860731484	3.0	3.0	1.0043648054	3.0	1.61978875829
YHR084W	1.5376020021	1.67778070527	2.04575749056	1.79588001734	2.52287874528	1.5376020021	-1.06048074738	-0.671620396561	-0.441291429467	-1.28399665637	-0.486782399932	-1.16749108729	1.10237290871	1.14874165128	1.44369749923	1.06550154876	1.85387196432	0.869666231505
YHR178W	3.0	3.0	3.0	3.0	3.0	3.0	-2.69897000434	-3.0	-2.69897000434	-2.69897000434	-3.0	-2.52287874528	3.0	3.0	3.0	2.09691001301	3.0	2.39794000867
YHR206W	0.718966632752	0.946921556517	2.39794000867	0.917214629684	3.0	1.09151498112	1.05060999336	2.30102999566	1.95860731484	0.38933983691	1.65757731918	0.619788758288	1.18045606446	1.63827216398	2.30102999566	0.917214629684	3.0	1.22914798836
YIL101C	1.46852108296	1.10790539731	1.18708664336	1.67778070527	1.50863830617	1.92081875395	-0.653647025549	-0.826813731588	-0.793174123968	-0.530177984022	-0.653647025549	-0.395773946916	1.5376020021	0.795880017344	1.03151705145	1.06550154876	1.21467016499	1.52287874528
YIL131C	1.30980391997	1.36653154442	2.30102999566	1.76955107862	3.0	1.95860731484	-0.838631997765	-1.12493873661	-0.493494967595	-1.30980391997	-0.661543506395	-1.08618614762	2.04575749056	1.61978875829	3.0	0.73754891027	3.0	1.46852108296
YIR018W	-0.436518914606	-0.576754126063	-0.468521082958	-0.530177984022	-0.565431095966	-0.401209493237	0.504455662454	0.69680394258	0.694648630553	-0.585026652029	0.721246399047	-0.4271283978	-0.397940008672	-0.471083299722	-0.71219827007	0.892790030352	-0.892790030352	0.524328811676
YJL056C	3.0	3.0	3.0	3.0	3.0	3.0	-2.52287874528	-3.0	-2.69897000434	-1.39794000867	-2.52287874528	-1.44369749923	3.0	2.69897000434	3.0	3.0	3.0	3.0
YJL089W	-1.50863830617	-0.913640169325	-2.0	-1.63827216398	-1.07058107429	-1.60205999133	1.08092190762	0.931814138254	1.28399665637	1.03151705145	1.45593195565	1.23657200644	-2.0	-1.56863623584	-2.39794000867	-3.0	-1.44369749923	-2.69897000434
YJL110C	-0.716698771296	-0.667561540084	-0.847711655617	-0.793174123968	-0.769551078622	-0.596879478824	-1.72124639905	-1.31875876262	-2.0	-2.52287874528	-1.01772876696	-2.39794000867	1.67778070527	1.12493873661	0.71219827007	3.0	0.496209316943	2.69897000434
YJR060W	-0.70114692359	-0.632644078974	-0.401209493237	-0.651695136952	0.33629907461	-0.815308569182	1.85387196432	0.879426068794	1.00877392431	1.22914798836	1.01322826573	1.69897000434	-0.310691140876	-0.294992040667	-0.325138859262	0.50168944621	0.709965388637	0.610833915635
YKL015W	0.320572103388	0.705533773838	1.03621217265	0.64016451766	1.35654732351	0.57839607313	-0.326979092871	-0.282329496998	-0.373659632625	0.382999658879	-0.533132379646	-0.505845405982	-0.48280410205	-0.402304814074	-0.351639989019	-0.721246399047	-0.358525889496	-0.596879478824
YKL020C	1.63827216398	1.85387196432	3.0	3.0	3.0	2.69897000434	-2.69897000434	-1.65757731918	-1.07058107429	-0.954677021213	-0.58004425151	-1.45593195565	1.65757731918	1.0043648054	1.92081875395	1.61978875829	2.52287874528	1.82390874094
YKL038W	3.0	3.0	3.0	3.0	3.0	3.0	-3.0	-3.0	-3.0	-1.95860731484	-3.0	-3.0	3.0	3.0	2.39794000867	2.69897000434	3.0	3.0
YKL043W	-0.77989191196	-0.586700235919	-0.360513510731	0.376750709602	0.315154638356	-0.669586226651	0.920818753952	1.65757731918	0.95078197733	0.462180904927	0.530177984022	1.0043648054	-0.59516628338	-0.667561540084	-0.705533773838	-1.69897000434	-0.71219827007	-1.01772876696
YKL062W	3.0	3.0	3.0	2.69897000434	3.0	2.39794000867	-2.15490195999	-1.52287874528	-1.16115090926	-0.504455662454	-1.04575749056	-1.06550154876	2.15490195999	1.85387196432	1.3767507096	1.67778070527	1.60205999133	2.04575749056
YKL109W	1.16749108729	1.04575749056	1.11918640772	2.09691001301	1.25181197299	1.40893539297	-0.688246138944	-0.490797477669	-0.667561540084	0.391473966423	-0.669586226651	-0.497572880016	1.28399665637	0.638272163982	-0.300162274133	1.14266750357	0.892790030352	1.42021640338
YKL112W	-0.403402904374	-0.507239610973	-0.815308569182	-0.554395796726	-0.860120913599	-0.273272790973	-0.143875555758	-0.1390633793	-0.207608310502	0.119186407719	0.393618634889	0.395773946916	-0.24033215531	-0.345823458122	-0.549750891681	0.0282604091122	-0.600326278519	0.289036881005
YKL185W	3.0	2.52287874528	2.52287874528	3.0	3.0	3.0	-3.0	-2.69897000434	-3.0	-0.869666231505	-2.69897000434	-1.69897000434	3.0	1.79588001734	1.72124639905	3.0	2.69897000434	3.0
YKR034W	0.86646109163	0.527243550683	0.568636235841	0.679853713889	0.428291168191	0.772113295386	-0.987162775295	-0.420216403383	0.688246138944	-0.86646109163	0.707743928644	-0.954677021213	0.71219827007	0.721246399047	0.377785977034	0.974694134735	0.326058001366	1.21467016499
YKR099W	-0.161780778092	-1.20065945055	-2.39794000867	0.416801226031	-3.0	0.489454989793	-0.29584948316	-0.0990869322623	0.879426068794	0.307153080723	1.39794000867	0.657577319178	0.730487055782	-0.308034897233	-2.30102999566	0.012780770092	-3.0	0.503070351927
YLR098C	3.0	1.79588001734	2.09691001301	3.0	2.09691001301	3.0	-3.0	-2.30102999566	-1.22914798836	-2.04575749056	-0.863279432844	-3.0	2.69897000434	1.58502665203	1.65757731918	1.46852108296	1.25963731051	3.0
YLR131C	1.0	0.812479279164	0.723538195827	1.46852108296	0.555955204082	1.18045606446	-0.64016451766	-0.769551078622	-0.688246138944	-0.62525165399	-0.759450751717	-0.835647144216	0.882728704344	0.570247719998	0.732828271597	1.7447274949	0.661543506395	0.991399828238
YLR176C	1.16749108729	2.04575749056	3.0	1.60205999133	3.0	1.52287874528	-1.32790214206	-1.04095860768	-1.20065945055	-0.882728704344	-1.1739251973	-1.22914798836	1.60205999133	1.7447274949	3.0	1.61978875829	3.0	1.16749108729
YLR228C	-0.354577730651	-0.368556230987	-0.299296282855	0.311580177997	0.308034897233	-0.309803919971	-0.415668775632	-0.416801226031	-0.394694953859	-0.341988603343	-0.411168274406	-0.380906669373	-0.404503778174	-0.308918507877	0.328827157285	0.33629907461	0.323306390375	-0.315154638356
YLR256W	-1.03621217265	-1.49485002168	-1.04575749056	-1.46852108296	-0.886056647693	-1.35654732351	1.46852108296	2.04575749056	1.52287874528	1.3767507096	1.32790214206	1.31875876262	-0.899629454882	-1.18045606446	-0.886056647693	0.379863945026	-0.749579997691	-0.552841968658
YLR403W	-1.95860731484	-3.0	-3.0	-0.679853713889	-3.0	-0.928117992694	3.0	3.0	3.0	3.0	3.0	3.0	-1.2924298239	-3.0	-3.0	0.0486624812041	-3.0	0.121478204499
YLR451W	0.787812395596	-0.568636235841	-0.679853713889	0.889410289701	-0.764471553092	0.850780887345	-0.33629907461	-0.333482019445	0.754487332186	0.619788758288	1.04575749056	0.605548319174	0.62525165399	0.667561540084	0.804100347591	0.806875401646	0.565431095966	1.26760624018
YML007W	0.400116927926	-0.298432014944	0.400116927926	0.593459819566	0.341988603343	0.450996737974	0.636388020108	0.596879478824	1.52287874528	0.307153080723	1.61978875829	0.56066730617	0.365522729839	0.438898616351	0.408935392974	0.0861861476163	0.681936665037	0.458420756053
YML027W	0.600326278519	0.920818753952	0.62525165399	0.472370099129	0.524328811676	0.588380294037	-0.917214629684	-0.517126416391	-0.517126416391	-1.30102999566	-0.596879478824	-1.0	1.7447274949	1.00877392431	1.14266750357	0.910094888561	1.18045606446	1.88605664769
YMR016C	3.0	3.0	3.0	3.0	3.0	3.0	-3.0	-3.0	-3.0	-3.0	-3.0	-3.0	3.0	3.0	3.0	3.0	3.0	3.0
YMR019W	1.33724216832	2.15490195999	1.34678748622	1.5376020021	1.72124639905	1.2924298239	-0.767003889608	-1.5376020021	-1.22184874962	-0.563837352959	-1.05060999336	-0.40671393298	2.30102999566	2.30102999566	2.30102999566	0.395773946916	2.39794000867	0.876148359033
YMR021C	1.61978875829	1.19382002602	1.7447274949	2.69897000434	1.35654732351	2.15490195999	-1.42021640338	-1.03621217265	-1.0043648054	-1.16115090926	-0.638272163982	-2.04575749056	1.16749108729	0.551293680095	0.576754126063	1.88605664769	0.79860287568	2.39794000867
YMR037C	3.0	3.0	3.0	3.0	3.0	3.0	-3.0	-3.0	-3.0	-3.0	-3.0	-3.0	3.0	3.0	3.0	3.0	3.0	3.0
YMR043W	1.19382002602	-0.339134521996	0.869666231505	1.88605664769	0.946921556517	2.30102999566	-0.458420756053	-0.591760034688	-0.32148162096	0.521433504406	0.525783735924	-0.300162274133	1.35654732351	-0.237321436273	0.679853713889	1.5376020021	1.06550154876	3.0
YMR070W	1.32790214206	-0.460923901207	1.5376020021	1.67778070527	2.69897000434	1.56863623584	-1.07058107429	-0.79860287568	-0.801342913046	0.752026733638	-0.739928612015	-0.772113295386	-0.345823458122	-0.621602099052	1.12493873661	2.52287874528	1.45593195565	1.7447274949
YNL027W	1.55284196866	0.913640169325	1.1739251973	0.752026733638	1.04575749056	1.3767507096	-0.703334809738	-0.241845378033	1.46852108296	-1.44369749923	1.95860731484	-1.19382002602	1.25963731051	1.58502665203	1.69897000434	1.23657200644	1.49485002168	1.52287874528
YNL068C	-3.0	-2.69897000434	-3.0	-3.0	-3.0	-3.0	3.0	3.0	3.0	3.0	3.0	3.0	-3.0	-2.39794000867	-2.52287874528	-1.82390874094	-2.69897000434	-2.69897000434
YNL167C	1.88605664769	1.25963731051	1.48148606012	3.0	1.92081875395	3.0	-0.534617148552	-0.742321425131	-0.565431095966	0.210419287836	-0.931814138254	0.375717904164	1.18045606446	1.2924298239	1.24412514433	1.2924298239	1.65757731918	1.76955107862
YNL216W	-3.0	-3.0	-3.0	-1.42021640338	-3.0	-0.95078197733	3.0	3.0	3.0	3.0	3.0	3.0	-1.63827216398	-3.0	-3.0	-0.0	-3.0	-1.49485002168
YNL314W	1.60205999133	1.08618614762	0.510041520575	2.52287874528	-0.496209316943	2.30102999566	-1.76955107862	-0.987162775295	-1.34678748622	-1.76955107862	-1.06048074738	-2.69897000434	2.39794000867	1.31875876262	0.876148359033	3.0	-0.570247719998	3.0
YOL028C	1.38721614328	0.889410289701	0.935542010773	2.39794000867	0.504455662454	1.7447274949	-3.0	-1.01772876696	-0.913640169325	-2.09691001301	-0.829738284605	-3.0	1.85387196432	0.498940737782	-0.397940008672	3.0	-0.565431095966	2.69897000434
YOL108C	3.0	3.0	3.0	3.0	3.0	3.0	-3.0	-3.0	-3.0	-3.0	-3.0	-3.0	3.0	3.0	3.0	3.0	3.0	3.0
YOR028C	3.0	3.0	3.0	3.0	2.52287874528	3.0	-3.0	-3.0	-3.0	-1.20065945055	-3.0	-2.39794000867	3.0	2.69897000434	1.39794000867	3.0	1.30980391997	3.0
YOR113W	2.52287874528	2.52287874528	2.69897000434	1.56863623584	3.0	1.65757731918	-1.23657200644	-1.10237290871	-0.465973893944	0.459670525209	0.721246399047	-0.829738284605	1.76955107862	2.39794000867	3.0	3.0	3.0	1.43179827593
YOR344C	-0.896196279044	-0.787812395596	-0.95078197733	-0.806875401646	-1.23657200644	-0.829738284605	0.73518217699	-0.1877553032	0.444905551422	1.1739251973	0.450996737974	0.73754891027	-0.928117992694	-0.838631997765	-1.14874165128	0.557520230936	-1.63827216398	-0.899629454882
YOR358W	3.0	3.0	3.0	3.0	2.30102999566	3.0	-2.39794000867	-1.7447274949	-2.09691001301	-2.04575749056	-2.30102999566	-1.40893539297	3.0	3.0	3.0	2.39794000867	3.0	3.0
YPL038W	-1.82390874094	-1.49485002168	-1.35654732351	-1.69897000434	-1.10237290871	-1.63827216398	2.52287874528	1.05060999336	0.835647144216	1.52287874528	0.872895201635	2.15490195999	-1.39794000867	-1.38721614328	-1.88605664769	-1.72124639905	-1.58502665203	-2.30102999566
YPL075W	-0.774690718274	-2.52287874528	-3.0	0.379863945026	-3.0	-0.143875555758	0.844663962535	-0.0371573187988	0.596879478824	0.559090917935	0.527243550683	1.04095860768	-0.183758700008	-1.26760624018	-3.0	0.000434511774018	-3.0	0.0936649581949
YPL089C	-0.540607512241	-0.56224943718	0.679853713889	-0.655607726315	0.818156412055	-0.591760034688	1.21467016499	1.32790214206	1.20065945055	1.06550154876	1.30102999566	1.04575749056	0.557520230936	0.850780887345	0.853871964322	-0.301899454377	0.621602099052	-0.35951856303
YPL202C	3.0	2.52287874528	3.0	3.0	2.52287874528	3.0	-3.0	-1.92081875395	-0.889410289701	-2.09691001301	-0.514278573518	-3.0	3.0	2.39794000867	3.0	1.5376020021	3.0	3.0
YPL248C	1.00877392431	-0.50168944621	-1.09151498112	1.82390874094	-1.76955107862	1.58502665203	-1.44369749923	-1.0043648054	-0.721246399047	0.32148162096	-0.279014255846	-0.593459819566	1.0	-0.497572880016	-1.52287874528	1.30980391997	-2.30102999566	1.5376020021
YPR065W	2.39794000867	3.0	3.0	2.52287874528	3.0	2.69897000434	-1.13076828027	-1.79588001734	-2.69897000434	1.58502665203	-2.69897000434	1.30102999566	2.52287874528	1.88605664769	2.30102999566	3.0	3.0	3.0
YPR199C	-0.600326278519	-0.785156151952	-0.65955588516	-0.481486060122	0.447331783888	-0.417936637088	0.596879478824	1.16749108729	1.19382002602	-0.79860287568	1.08618614762	-0.467245621008	0.826813731588	0.583359492662	1.48148606012	0.583359492662	1.7447274949	0.958607314842
